result: self.map_logP, self.map_parameter_set, self.mu_AP_parameter_set, self.stdap_parameter_set, self.evidence, self.info_gain, self.post_burn_in_samples, self.post_burn_in_log_posteriors_un_normed_vec
result: 0 [array([165.52636095, 502.27466312]), array([143.96445928, 447.75344278]), array([62.98740199, 87.82853093]), 3.543221225513244e-23, 0.1492760954976609, array([[221.81926629, 472.13110021],
       [215.89999322, 475.02512295],
       [220.62016987, 510.84993651],
       [157.98188566, 454.70143578],
       [143.35617631, 465.79385406],
       [133.79652396, 441.29715522],
       [133.79652396, 441.29715522],
       [119.94339818, 409.06392105],
       [ 67.62127646, 394.77424253],
       [ 79.85620772, 338.1399645 ],
       [ 65.37542932, 408.95676697],
       [ 78.92047237, 407.17436635],
       [ 99.37345489, 500.52415983],
       [ 87.90257204, 460.4061081 ],
       [ 64.47808026, 438.04071869],
       [ 51.77265147, 449.26213321],
       [ 51.77265147, 449.26213321],
       [ 55.85144924, 495.37386915],
       [ 67.90490518, 442.35316347],
       [ 67.90490518, 442.35316347],
       [ 67.90490518, 442.35316347],
       [ 67.90490518, 442.35316347],
       [ 79.83177093, 350.92946594],
       [ 74.14204804, 425.48203202],
       [ 55.61670214, 482.87861225],
       [ 86.50074022, 496.05107845],
       [116.22289247, 565.59854334],
       [128.9349123 , 573.62516885],
       [130.62182638, 558.37833626],
       [161.27684192, 478.02580969],
       [154.66361437, 410.33946977],
       [201.48160288, 531.95700201],
       [242.6132305 , 613.63091299],
       [267.98912984, 596.68089154],
       [271.62112841, 602.355961  ],
       [236.85502282, 626.16320196],
       [249.76179961, 648.95862386],
       [245.02993997, 605.03029533],
       [245.02993997, 605.03029533],
       [262.08249668, 556.33652728],
       [224.76157985, 514.52462442],
       [190.19593994, 539.57028803],
       [190.19593994, 539.57028803],
       [225.51909648, 481.83834141],
       [208.51129353, 445.05011092],
       [262.69194766, 440.73413284],
       [242.73243476, 326.1788037 ],
       [228.88734929, 253.606514  ],
       [213.97391081, 265.97097761],
       [216.74252415, 326.01762177],
       [180.99308748, 367.2037171 ],
       [132.14313619, 303.94454413],
       [166.59011277, 330.78674487],
       [146.00287587, 384.97747092],
       [154.27755966, 391.83009807],
       [132.47208108, 341.01800941],
       [132.47208108, 341.01800941],
       [132.47208108, 341.01800941],
       [ 99.82969013, 343.98450803],
       [148.62409598, 297.2104372 ],
       [139.26057908, 276.21099109],
       [133.83580777, 309.30591296],
       [141.47697128, 334.11765297],
       [183.74169605, 470.93270729],
       [158.44226632, 407.84099644],
       [179.16352489, 477.38957592],
       [183.37961569, 434.83893004],
       [180.27582785, 452.54291616],
       [180.27582785, 452.54291616],
       [165.52636095, 502.27466312],
       [165.52636095, 502.27466312],
       [154.58545655, 441.81539274],
       [110.93935638, 445.00111655],
       [118.28156542, 454.89945912],
       [ 94.12449402, 444.20101519],
       [107.28115169, 409.86744083],
       [ 87.37012626, 426.56175659],
       [ 87.37012626, 426.56175659],
       [116.76648004, 367.08857661],
       [107.34950558, 358.68447097],
       [ 92.8099688 , 480.20112206],
       [ 68.99691889, 492.5896782 ],
       [ 68.99691889, 492.5896782 ],
       [ 68.99691889, 492.5896782 ],
       [ 67.33459503, 454.87546696],
       [ 56.7128158 , 614.00526795]]), array([[-43.11590505],
       [-43.02271433],
       [-43.08806879],
       [-42.67099906],
       [-42.72522929],
       [-42.83290357],
       [-42.83290357],
       [-43.06051983],
       [-44.31787379],
       [-44.13417782],
       [-44.35749717],
       [-43.94138141],
       [-43.32418999],
       [-43.61143264],
       [-44.33231138],
       [-44.77666339],
       [-44.77666339],
       [-44.59085839],
       [-44.21210359],
       [-44.21210359],
       [-44.21210359],
       [-44.21210359],
       [-44.08523543],
       [-44.04381294],
       [-44.60285689],
       [-43.62811711],
       [-43.06696808],
       [-42.90922814],
       [-42.8652735 ],
       [-42.64577529],
       [-42.75489759],
       [-42.84522526],
       [-43.66056272],
       [-44.24754969],
       [-44.36496984],
       [-43.57746522],
       [-43.93759299],
       [-43.69028569],
       [-43.69028569],
       [-44.00963831],
       [-43.15731297],
       [-42.75025279],
       [-42.75025279],
       [-43.17206411],
       [-42.9524085 ],
       [-44.03161717],
       [-43.88261417],
       [-43.98851814],
       [-43.67364163],
       [-43.40698181],
       [-42.8961459 ],
       [-43.28696431],
       [-42.99621337],
       [-42.85930663],
       [-42.80197245],
       [-43.11905204],
       [-43.11905204],
       [-43.11905204],
       [-43.61816607],
       [-43.1936977 ],
       [-43.36710479],
       [-43.24400465],
       [-43.06794865],
       [-42.69986285],
       [-42.75066694],
       [-42.67338315],
       [-42.74058072],
       [-42.70011378],
       [-42.70011378],
       [-42.63746539],
       [-42.63746539],
       [-42.69690796],
       [-43.13791021],
       [-43.00697724],
       [-43.4797136 ],
       [-43.2674148 ],
       [-43.67263284],
       [-43.67263284],
       [-43.22519829],
       [-43.41407486],
       [-43.47661591],
       [-44.13625887],
       [-44.13625887],
       [-44.13625887],
       [-44.21474733],
       [-44.722294  ]])]
