result: self.map_logP, self.map_parameter_set, self.mu_AP_parameter_set, self.stdap_parameter_set, self.evidence, self.info_gain, self.post_burn_in_samples, self.post_burn_in_log_posteriors_un_normed_vec
result: 0 [array([163.0373093 , 482.19350797]), array([147.74917688, 491.07540072]), array([51.15328161, 85.71747017]), 4.042242266079896e-23, 0.16981033284366562, array([[230.19296121, 543.9851384 ],
       [224.27368814, 546.87916115],
       [228.99386479, 582.70397471],
       [166.35558058, 526.55547397],
       [151.72987123, 537.64789226],
       [142.17021888, 513.15119342],
       [142.17021888, 513.15119342],
       [128.31709311, 480.91795924],
       [ 75.99497139, 466.62828073],
       [ 88.22990264, 409.99400269],
       [ 73.74912424, 480.81080517],
       [ 87.2941673 , 479.02840454],
       [107.74714982, 572.37819802],
       [ 96.27626696, 532.2601463 ],
       [ 72.85177518, 509.89475689],
       [ 60.14634639, 521.11617141],
       [ 60.14634639, 521.11617141],
       [ 64.22514416, 567.22790735],
       [ 76.2786001 , 514.20720166],
       [ 76.2786001 , 514.20720166],
       [ 76.2786001 , 514.20720166],
       [ 76.2786001 , 514.20720166],
       [ 88.20546585, 422.78350413],
       [ 82.51574296, 497.33607021],
       [ 63.99039707, 554.73265044],
       [ 94.87443514, 567.90511665],
       [124.59658739, 637.45258153],
       [137.30860723, 645.47920704],
       [138.99552131, 630.23237445],
       [169.65053685, 549.87984789],
       [163.0373093 , 482.19350797],
       [209.8552978 , 603.81104021],
       [209.8552978 , 603.81104021],
       [235.23119714, 586.86101875],
       [238.86319571, 592.53608821],
       [204.09709012, 616.34332917],
       [217.00386691, 639.13875107],
       [212.27200727, 595.21042254],
       [212.27200727, 595.21042254],
       [229.32456398, 546.5166545 ],
       [192.00364715, 504.70475163],
       [157.43800725, 529.75041524],
       [157.43800725, 529.75041524],
       [192.76116378, 472.01846862],
       [175.75336084, 435.23023814],
       [229.93401497, 430.91426006],
       [209.97450206, 316.35893092],
       [196.12941659, 243.78664121],
       [181.21597811, 256.15110482],
       [183.98459146, 316.19774898],
       [148.23515478, 357.38384431],
       [148.23515478, 357.38384431],
       [182.68213137, 384.22604505],
       [162.09489447, 438.41677111],
       [170.36957826, 445.26939826],
       [148.56409968, 394.4573096 ],
       [148.56409968, 394.4573096 ],
       [148.56409968, 394.4573096 ],
       [115.92170873, 397.42380821],
       [164.71611457, 350.64973738],
       [155.35259768, 329.65029127],
       [149.92782637, 362.74521315],
       [157.56898988, 387.55695315],
       [199.83371465, 524.37200747],
       [174.53428492, 461.28029662],
       [195.25554349, 530.8288761 ],
       [199.47163429, 488.27823022],
       [196.36784645, 505.98221634],
       [196.36784645, 505.98221634],
       [181.61837955, 555.71396331],
       [181.61837955, 555.71396331],
       [170.67747515, 495.25469292],
       [127.03137498, 498.44041673],
       [134.37358402, 508.3387593 ],
       [110.21651262, 497.64031538],
       [123.37317029, 463.30674101],
       [103.46214486, 480.00105678],
       [103.46214486, 480.00105678],
       [132.85849863, 420.52787679],
       [123.44152418, 412.12377115],
       [108.90198739, 533.64042224],
       [ 62.52957847, 482.19874971],
       [ 85.08893749, 546.02897839],
       [ 85.08893749, 546.02897839]]), array([[-43.27484202],
       [-43.17358132],
       [-43.31385347],
       [-42.64632815],
       [-42.68262507],
       [-42.72096161],
       [-42.72096161],
       [-42.85308624],
       [-43.93307769],
       [-43.68456594],
       [-43.99130312],
       [-43.61292477],
       [-43.22316247],
       [-43.4051145 ],
       [-44.01558457],
       [-44.4406464 ],
       [-44.4406464 ],
       [-44.3503928 ],
       [-43.91359447],
       [-43.91359447],
       [-43.91359447],
       [-43.91359447],
       [-43.65851304],
       [-43.73390468],
       [-44.3392257 ],
       [-43.48168026],
       [-43.13030087],
       [-43.02179131],
       [-42.95501612],
       [-42.67135418],
       [-42.64208775],
       [-43.06528037],
       [-43.06528037],
       [-43.44078832],
       [-43.52695534],
       [-43.02975788],
       [-43.27179368],
       [-43.07603415],
       [-43.07603415],
       [-43.26176451],
       [-42.74502017],
       [-42.6574551 ],
       [-42.6574551 ],
       [-42.76081897],
       [-42.70704096],
       [-43.30666944],
       [-43.3559482 ],
       [-43.60215159],
       [-43.42061458],
       [-43.11377107],
       [-42.93579734],
       [-42.93579734],
       [-42.85159512],
       [-42.68640511],
       [-42.67915874],
       [-42.81903842],
       [-42.81903842],
       [-42.81903842],
       [-43.14910276],
       [-42.91673475],
       [-43.01520163],
       [-42.90866378],
       [-42.80449642],
       [-42.8228285 ],
       [-42.6695625 ],
       [-42.78373783],
       [-42.81371295],
       [-42.78249028],
       [-42.78249028],
       [-42.71657438],
       [-42.71657438],
       [-42.64229992],
       [-42.86377082],
       [-42.78507608],
       [-43.11295669],
       [-42.92673942],
       [-43.24471063],
       [-43.24471063],
       [-42.87812962],
       [-43.00547929],
       [-43.15060463],
       [-44.35527586],
       [-43.69153963],
       [-43.69153963]])]
