self.initial_point_parameters:[ 4.15e+01  4.15e+01  1.30e+01  1.30e+01  1.00e-01  1.00e-01 -1.00e+00
 -1.00e+00 -1.00e+00 -1.00e+00 -1.00e+00 -1.00e+00  0.00e+00  6.00e+04
  5.00e+04  4.00e+04  3.00e+04  2.00e+04  1.00e+04  0.00e+00]
MAP_logP:[-560.77310814]
self.map_parameter_set:[ 2.50203391e+01  2.73391172e+01  8.43105152e+00  2.17152667e+01
  9.56207405e-02  3.80328470e-02 -1.66624856e+00 -1.54865938e+00
 -4.44585611e-01 -1.24321579e+00 -7.85842708e-01 -1.92131532e+00
  7.81905275e-01  6.09025189e+04  4.83088098e+04  3.60061618e+04
  2.63360323e+04  2.07314094e+04  1.35251945e+04  3.69999386e+03]
self.map_index:195
self.mu_AP_parameter_set:[ 3.68225352e+01 -8.59308857e-01  1.11514624e+01  1.49292593e+01
  1.04036570e-01  6.94021993e-02 -1.19717426e+00 -1.21175403e+00
 -1.12534028e+00 -1.06945653e+00 -9.65587759e-01 -1.22850766e+00
  2.57846652e-01  6.08176535e+04  5.07278240e+04  3.84722773e+04
  2.80291981e+04  1.96786160e+04  1.02098367e+04 -6.07354651e+00]
self.stdap_parameter_set:[4.83796257e+00 4.27261969e+01 1.76444911e+00 3.17759618e+00
 8.15374306e-03 2.80447296e-02 2.05014250e-01 2.02013398e-01
 2.50830809e-01 1.63099184e-01 8.68451904e-02 2.71835055e-01
 2.77115902e-01 7.66516601e+02 1.11607929e+03 1.45722628e+03
 1.81638245e+03 8.56348565e+02 1.42007441e+03 1.17533190e+03]
self.info_gain:1210.2014016352591
evidence:1.4681609595237952e-251
posterior_cov_matrix:
[[ 2.35234993e+01  1.25093586e+02  7.86459545e+00 -1.16717842e+01
  -5.97694397e-03  1.24334406e-01  9.84722743e-01  9.46339050e-01
  -2.89025026e-03  3.99787527e-01 -2.06297860e-01  1.25336317e+00
  -1.25131645e+00 -2.83757511e+03 -8.32402263e+02  6.84483536e+03
   7.85170413e+03  1.59896751e+02 -3.22216150e+03 -2.53289087e+03]
 [ 1.25093586e+02  1.83470141e+03  6.03369942e+01 -3.81663374e+01
  -2.15242652e-01  1.05504662e+00  5.36509541e+00  6.64113507e+00
   8.45640117e+00  1.61800218e+00 -5.68522374e-01  5.37025336e+00
  -7.37570208e+00 -3.20817535e+04 -4.18523780e+04  4.77563990e+04
   6.93850378e+04  1.94469724e+04  1.05609677e+04  2.01749261e+04]
 [ 7.86459545e+00  6.03369942e+01  3.12892530e+00 -2.63019380e+00
  -7.64847508e-03  4.74406141e-02  3.16843493e-01  3.29572881e-01
   1.13548979e-01  6.18130035e-02 -9.43982878e-02  3.63191621e-01
  -3.83949403e-01 -1.20116620e+03 -9.42253565e+02  2.38670196e+03
   2.96912052e+03  6.49335587e+02 -2.00744151e+02 -1.39551916e+02]
 [-1.16717842e+01 -3.81663374e+01 -2.63019380e+00  1.01478568e+01
  -1.26692559e-02 -5.52148813e-02 -5.48355535e-01 -4.89842692e-01
   8.97193761e-02 -4.84932360e-01 -3.31182069e-02 -8.01343157e-01
   8.04478227e-01  1.13218838e+03 -6.61180695e+02 -3.51700112e+03
  -3.73527444e+03  1.60565242e+03  4.06094820e+03  2.70027596e+03]
 [-5.97694397e-03 -2.15242652e-01 -7.64847508e-03 -1.26692559e-02
   6.68176139e-05 -8.85437193e-05 -7.86701305e-05 -3.29430495e-04
  -1.06749677e-03  8.26732290e-04  4.18974517e-04  3.54758546e-04
  -1.78350479e-04  3.16674323e+00  7.03288280e+00 -2.43647086e+00
  -5.08763399e+00 -6.96745557e+00 -9.35218125e+00 -6.95687636e+00]
 [ 1.24334406e-01  1.05504662e+00  4.74406141e-02 -5.52148813e-02
  -8.85437193e-05  7.90459155e-04  5.27344634e-03  5.56531103e-03
   2.87237773e-03  2.05432223e-03 -8.52909779e-04  6.25081673e-03
  -6.93751061e-03 -2.07498383e+01 -1.68782858e+01  4.01469379e+01
   5.09705471e+01  6.57752619e+00 -8.47447217e+00 -2.36424820e+00]
 [ 9.84722743e-01  5.36509541e+00  3.16843493e-01 -5.48355535e-01
  -7.86701305e-05  5.27344634e-03  4.22420531e-02  4.06492890e-02
   2.17876234e-03  2.11342636e-02 -6.21849421e-03  5.47925391e-02
  -5.56600614e-02 -1.21805649e+02 -3.39701324e+01  2.93472758e+02
   3.38237564e+02 -1.23091546e+01 -1.62422063e+02 -1.14523910e+02]
 [ 9.46339050e-01  6.64113507e+00  3.29572881e-01 -4.89842692e-01
  -3.29430495e-04  5.56531103e-03  4.06492890e-02  4.10144855e-02
   1.27036444e-02  1.91809462e-02 -5.56145922e-03  5.07439984e-02
  -5.40587707e-02 -1.38511198e+02 -8.07170275e+01  2.95837038e+02
   3.59434358e+02  1.40759870e+01 -1.17593302e+02 -6.60077571e+01]
 [-2.89025026e-03  8.45640117e+00  1.13548979e-01  8.97193761e-02
  -1.06749677e-03  2.87237773e-03  2.17876234e-03  1.27036444e-02
   6.32322561e-02  2.33021435e-03  7.06333422e-03 -6.17786208e-03
  -9.42402120e-03 -1.24312520e+02 -2.64227521e+02  8.91705095e+01
   2.08064565e+02  1.06067334e+02  1.59426626e+02  2.27449767e+02]
 [ 3.99787527e-01  1.61800218e+00  6.18130035e-02 -4.84932360e-01
   8.26732290e-04  2.05432223e-03  2.11342636e-02  1.91809462e-02
   2.33021435e-03  2.67350189e-02  6.70889305e-03  3.27872837e-02
  -3.51154598e-02 -4.59523880e+01  2.41929712e+01  1.36592091e+02
   1.50298297e+02 -9.85319999e+01 -2.02177782e+02 -1.11632404e+02]
 [-2.06297860e-01 -5.68522374e-01 -9.43982878e-02 -3.31182069e-02
   4.18974517e-04 -8.52909779e-04 -6.21849421e-03 -5.56145922e-03
   7.06333422e-03  6.70889305e-03  7.57998704e-03 -5.79139250e-03
   3.14676288e-03  1.45003174e+01  2.08205264e+00 -4.15509167e+01
  -4.10857353e+01 -4.23456749e+01 -3.09319494e+01  8.83274517e+00]
 [ 1.25336317e+00  5.37025336e+00  3.63191621e-01 -8.01343157e-01
   3.54758546e-04  6.25081673e-03  5.47925391e-02  5.07439984e-02
  -6.17786208e-03  3.27872837e-02 -5.79139250e-03  7.42656252e-02
  -7.37180986e-02 -1.35204930e+02  9.32068360e+00  3.66083899e+02
   4.03740853e+02 -6.36828913e+01 -2.77342635e+02 -2.02104981e+02]
 [-1.25131645e+00 -7.37570208e+00 -3.83949403e-01  8.04478227e-01
  -1.78350479e-04 -6.93751061e-03 -5.56600614e-02 -5.40587707e-02
  -9.42402120e-03 -3.51154598e-02  3.14676288e-03 -7.37180986e-02
   7.71791187e-02  1.65093544e+02  5.15070205e+01 -3.89207187e+02
  -4.55437255e+02  4.69362554e+01  2.51546930e+02  1.52741508e+02]
 [-2.83757511e+03 -3.20817535e+04 -1.20116620e+03  1.13218838e+03
   3.16674323e+00 -2.07498383e+01 -1.21805649e+02 -1.38511198e+02
  -1.24312520e+02 -4.59523880e+01  1.45003174e+01 -1.35204930e+02
   1.65093544e+02  5.90500200e+05  6.38473163e+05 -9.97210727e+05
  -1.35607486e+06 -2.65356131e+05  2.13399216e+04 -1.69324053e+05]
 [-8.32402263e+02 -4.18523780e+04 -9.42253565e+02 -6.61180695e+02
   7.03288280e+00 -1.68782858e+01 -3.39701324e+01 -8.07170275e+01
  -2.64227521e+02  2.41929712e+01  2.08205264e+00  9.32068360e+00
   5.15070205e+01  6.38473163e+05  1.25189245e+06 -5.77440077e+05
  -1.12977980e+06 -7.05128662e+05 -9.23916963e+05 -1.04750282e+06]
 [ 6.84483536e+03  4.77563990e+04  2.38670196e+03 -3.51700112e+03
  -2.43647086e+00  4.01469379e+01  2.93472758e+02  2.95837038e+02
   8.91705095e+01  1.36592091e+02 -4.15509167e+01  3.66083899e+02
  -3.89207187e+02 -9.97210727e+05 -5.77440077e+05  2.13417933e+06
   2.58987764e+06  1.08076542e+05 -8.41604243e+05 -4.79252684e+05]
 [ 7.85170413e+03  6.93850378e+04  2.96912052e+03 -3.73527444e+03
  -5.08763399e+00  5.09705471e+01  3.38237564e+02  3.59434358e+02
   2.08064565e+02  1.50298297e+02 -4.10857353e+01  4.03740853e+02
  -4.55437255e+02 -1.35607486e+06 -1.12977980e+06  2.58987764e+06
   3.31582433e+06  3.56400868e+05 -6.19260668e+05 -1.29502623e+05]
 [ 1.59896751e+02  1.94469724e+04  6.49335587e+02  1.60565242e+03
  -6.96745557e+00  6.57752619e+00 -1.23091546e+01  1.40759870e+01
   1.06067334e+02 -9.85319999e+01 -4.23456749e+01 -6.36828913e+01
   4.69362554e+01 -2.65356131e+05 -7.05128662e+05  1.08076542e+05
   3.56400868e+05  7.37017954e+05  1.05817373e+06  7.72785312e+05]
 [-3.22216150e+03  1.05609677e+04 -2.00744151e+02  4.06094820e+03
  -9.35218125e+00 -8.47447217e+00 -1.62422063e+02 -1.17593302e+02
   1.59426626e+02 -2.02177782e+02 -3.09319494e+01 -2.77342635e+02
   2.51546930e+02  2.13399216e+04 -9.23916963e+05 -8.41604243e+05
  -6.19260668e+05  1.05817373e+06  2.02674506e+06  1.51425513e+06]
 [-2.53289087e+03  2.01749261e+04 -1.39551916e+02  2.70027596e+03
  -6.95687636e+00 -2.36424820e+00 -1.14523910e+02 -6.60077571e+01
   2.27449767e+02 -1.11632404e+02  8.83274517e+00 -2.02104981e+02
   1.52741508e+02 -1.69324053e+05 -1.04750282e+06 -4.79252684e+05
  -1.29502623e+05  7.72785312e+05  1.51425513e+06  1.38834681e+06]]
Convergence Status: Warning - The difference between the MAP parameter set and mu_AP parameter set is greater than 10% of the prior standard deviations in at least one parameter. This means that either your posterior distribution is asymmetric or that it is not yet converged. This may mean that you need to increase your mcmc_length, increase or decrease your mcmc_relative_step_length, or change what is used for the model response.  There is no general method for knowing the right  value for mcmc_relative_step_length since it depends on the sharpness and smoothness of the response. See for example https://www.sciencedirect.com/science/article/pii/S0039602816300632