result: self.map_logP, self.map_parameter_set, self.mu_AP_parameter_set, self.stdap_parameter_set, self.evidence, self.info_gain, self.post_burn_in_samples, self.post_burn_in_logP_un_normed_vec
result: 0 [array([ 1. ,  0. ,  0.5, 41.5, 41.5, 13. , 13. ,  0.1,  0.1]), array([ 1.02415709e+00, -5.21825305e-03,  5.69918024e-01,  4.88834456e+01,
        2.43438276e+01,  1.40318252e+01,  1.36140881e+01,  1.87171390e-01,
        2.29394092e-01]), array([2.85497784e-02, 8.57444081e-04, 4.43191212e-02, 5.76259577e+00,
       1.36683416e+00, 2.46166843e-01, 6.17040292e-01, 2.10081645e-02,
       1.62989941e-02]), 5.422120792840255e-07, -9004.08750311783, array([[ 1.00000000e+00,  0.00000000e+00,  5.00000000e-01, ...,
         1.30000000e+01,  1.00000000e-01,  1.00000000e-01],
       [ 1.00000000e+00,  0.00000000e+00,  5.00000000e-01, ...,
         1.30000000e+01,  1.00000000e-01,  1.00000000e-01],
       [ 1.01203969e+00, -7.15514627e-04,  4.84091376e-01, ...,
         1.32784406e+01,  1.13766032e-01,  1.01888001e-01],
       ...,
       [ 1.04268729e+00, -3.77280528e-03,  6.83308000e-01, ...,
         1.42343858e+01,  2.13663186e-01,  2.34507371e-01],
       [ 1.04268729e+00, -3.77280528e-03,  6.83308000e-01, ...,
         1.42343858e+01,  2.13663186e-01,  2.34507371e-01],
       [ 1.04268729e+00, -3.77280528e-03,  6.83308000e-01, ...,
         1.42343858e+01,  2.13663186e-01,  2.34507371e-01]]), array([[      0.        ],
       [-339008.13154685],
       [-303123.68349337],
       [-297417.62480329],
       [-265381.18923126],
       [-251095.92217787],
       [ -32863.28437889],
       [ -32863.28437889],
       [ -32863.28437889],
       [ -32863.28437889],
       [ -28760.72843352],
       [ -28760.72843352],
       [ -28760.72843352],
       [ -28760.72843352],
       [ -28760.72843352],
       [ -28760.72843352],
       [ -28760.72843352],
       [ -28760.72843352],
       [ -28760.72843352],
       [ -28760.72843352],
       [ -28760.72843352],
       [ -20899.55621091],
       [ -20899.55621091],
       [ -20899.55621091],
       [ -20899.55621091],
       [ -20899.55621091],
       [ -20899.55621091],
       [ -12889.49689347],
       [ -12889.49689347],
       [ -12889.49689347],
       [ -12889.49689347],
       [ -12889.49689347],
       [ -12889.49689347],
       [ -12889.49689347],
       [ -12889.49689347],
       [ -12889.49689347],
       [ -12889.49689347],
       [ -12889.49689347],
       [ -12889.49689347],
       [ -12889.49689347],
       [ -12889.49689347],
       [ -12889.49689347],
       [ -12889.49689347],
       [ -12889.49689347],
       [ -12757.39703693],
       [ -12757.39703693],
       [ -12757.39703693],
       [ -12757.39703693],
       [ -12757.39703693],
       [ -12757.39703693],
       [ -12757.39703693],
       [ -12757.39703693],
       [ -12757.39703693],
       [ -12757.39703693],
       [ -12757.39703693],
       [ -12757.39703693],
       [ -12757.39703693],
       [ -12757.39703693],
       [ -12757.39703693],
       [ -12757.39703693],
       [ -12757.39703693],
       [ -12757.39703693],
       [ -12757.39703693],
       [ -12757.39703693],
       [ -12757.39703693],
       [ -12757.39703693],
       [ -12757.39703693],
       [ -12757.39703693],
       [ -12757.39703693],
       [  -9350.79832523],
       [  -9350.79832523],
       [  -9350.79832523],
       [  -9350.79832523],
       [  -9350.79832523],
       [  -9350.79832523],
       [  -9350.79832523],
       [  -9350.79832523],
       [  -9350.79832523],
       [  -9350.79832523],
       [  -9350.79832523],
       [  -9350.79832523],
       [  -9350.79832523],
       [  -9350.79832523],
       [  -9350.79832523],
       [  -9350.79832523],
       [  -9350.79832523],
       [  -9350.79832523],
       [  -9350.79832523],
       [  -9350.79832523],
       [  -9350.79832523],
       [  -9350.79832523],
       [  -9350.79832523],
       [  -9350.79832523],
       [  -9350.79832523],
       [  -9350.79832523],
       [  -9350.79832523],
       [  -9350.79832523],
       [  -9350.79832523],
       [  -9350.79832523],
       [  -9350.79832523],
       [  -9350.79832523],
       [  -8511.96128794],
       [  -8511.96128794],
       [  -8511.96128794],
       [  -8511.96128794],
       [  -8511.96128794],
       [  -8511.96128794],
       [  -8511.96128794],
       [  -8511.96128794],
       [  -8511.96128794],
       [  -8511.96128794],
       [  -8511.96128794],
       [  -8511.96128794],
       [  -8511.96128794],
       [  -8511.96128794],
       [  -8511.96128794],
       [  -8511.96128794],
       [  -8511.96128794],
       [  -8511.96128794],
       [  -8511.96128794],
       [  -8511.96128794],
       [  -8511.96128794],
       [  -8511.96128794],
       [  -8511.96128794],
       [  -8511.96128794],
       [  -8511.96128794],
       [  -8511.96128794],
       [  -8511.96128794],
       [  -8511.96128794],
       [  -8511.96128794],
       [  -8511.96128794],
       [  -8511.96128794],
       [  -8511.96128794],
       [  -8511.96128794],
       [  -8511.96128794],
       [  -8511.96128794],
       [  -8511.96128794],
       [  -8511.96128794],
       [  -8511.96128794],
       [  -8511.96128794],
       [  -8511.96128794],
       [  -8511.96128794],
       [  -8511.96128794],
       [  -8511.96128794],
       [  -8511.96128794],
       [  -8511.96128794],
       [  -8511.96128794],
       [  -8511.96128794],
       [  -8511.96128794],
       [  -8511.96128794],
       [  -8511.96128794],
       [  -8511.96128794],
       [  -8511.96128794],
       [  -8511.96128794],
       [  -8511.96128794],
       [  -8511.96128794],
       [  -8511.96128794],
       [  -8511.96128794],
       [  -8511.96128794],
       [  -8511.96128794],
       [  -8511.96128794],
       [  -8511.96128794],
       [  -8511.96128794],
       [  -8511.96128794],
       [  -7406.9364227 ],
       [  -7406.9364227 ],
       [  -7406.9364227 ],
       [  -7406.9364227 ],
       [  -7406.9364227 ],
       [  -7406.9364227 ],
       [  -7406.9364227 ],
       [  -7406.9364227 ],
       [  -7406.9364227 ],
       [  -7406.9364227 ],
       [  -7406.9364227 ],
       [  -7406.9364227 ],
       [  -7406.9364227 ],
       [  -7406.9364227 ],
       [  -7406.9364227 ],
       [  -7406.9364227 ],
       [  -7406.9364227 ],
       [  -7406.9364227 ],
       [  -7406.9364227 ],
       [  -7406.9364227 ],
       [  -7406.9364227 ],
       [  -7406.9364227 ],
       [  -7406.9364227 ],
       [  -7406.9364227 ],
       [  -7406.9364227 ],
       [  -7406.9364227 ],
       [  -7406.9364227 ],
       [  -7406.9364227 ],
       [  -7406.9364227 ],
       [  -7406.9364227 ],
       [  -7406.9364227 ],
       [  -7406.9364227 ],
       [  -7406.9364227 ],
       [  -7406.9364227 ],
       [  -7406.9364227 ],
       [  -7406.9364227 ],
       [  -7406.9364227 ],
       [  -7406.9364227 ],
       [  -7406.9364227 ],
       [  -7406.9364227 ],
       [  -7406.9364227 ],
       [  -7406.9364227 ],
       [  -7406.9364227 ],
       [  -7406.9364227 ],
       [  -7406.9364227 ],
       [  -7406.9364227 ],
       [  -7406.9364227 ],
       [  -7406.9364227 ],
       [  -7406.9364227 ],
       [  -7406.9364227 ],
       [  -7406.9364227 ],
       [  -7406.9364227 ],
       [  -7406.9364227 ],
       [  -7406.9364227 ],
       [  -7406.9364227 ],
       [  -7406.9364227 ],
       [  -7406.9364227 ],
       [  -7406.9364227 ],
       [  -7406.9364227 ],
       [  -7406.9364227 ],
       [  -7406.9364227 ],
       [  -7406.9364227 ],
       [  -7406.9364227 ],
       [  -7406.9364227 ],
       [  -7406.9364227 ],
       [  -7406.9364227 ],
       [  -7406.9364227 ],
       [  -7406.9364227 ],
       [  -7406.9364227 ],
       [  -7406.9364227 ],
       [  -7406.9364227 ],
       [  -7406.9364227 ],
       [  -7406.9364227 ],
       [  -7406.9364227 ],
       [  -7406.9364227 ],
       [  -7406.9364227 ],
       [  -7406.9364227 ],
       [  -7406.9364227 ],
       [  -7406.9364227 ],
       [  -7406.9364227 ],
       [  -7406.9364227 ],
       [  -7406.9364227 ],
       [  -7406.9364227 ],
       [  -7406.9364227 ],
       [  -7406.9364227 ],
       [  -7406.9364227 ],
       [  -7406.9364227 ],
       [  -7406.9364227 ],
       [  -7406.9364227 ],
       [  -7406.9364227 ],
       [  -7406.9364227 ],
       [  -7406.9364227 ],
       [  -6916.78382973],
       [  -6916.78382973],
       [  -6916.78382973],
       [  -6916.78382973],
       [  -6916.78382973],
       [  -6916.78382973],
       [  -6916.78382973],
       [  -6916.78382973],
       [  -6916.78382973],
       [  -6916.78382973],
       [  -6916.78382973],
       [  -6916.78382973],
       [  -6916.78382973],
       [  -6916.78382973],
       [  -6916.78382973],
       [  -6916.78382973],
       [  -6916.78382973],
       [  -6916.78382973],
       [  -6916.78382973],
       [  -6916.78382973],
       [  -6916.78382973],
       [  -6916.78382973],
       [  -6916.78382973],
       [  -6916.78382973],
       [  -6916.78382973],
       [  -6916.78382973],
       [  -6916.78382973],
       [  -6916.78382973],
       [  -6916.78382973],
       [  -6916.78382973],
       [  -6916.78382973],
       [  -6916.78382973],
       [  -6916.78382973],
       [  -6916.78382973],
       [  -6916.78382973],
       [  -6916.78382973],
       [  -6916.78382973],
       [  -6916.78382973],
       [  -6916.78382973],
       [  -6916.78382973],
       [  -6916.78382973],
       [  -6916.78382973],
       [  -6916.78382973],
       [  -6916.78382973],
       [  -6916.78382973],
       [  -6916.78382973],
       [  -6916.78382973],
       [  -6916.78382973],
       [  -6916.78382973],
       [  -6916.78382973],
       [  -6916.78382973],
       [  -6916.78382973],
       [  -6916.78382973],
       [  -6916.78382973],
       [  -6916.78382973],
       [  -6916.78382973],
       [  -6916.78382973],
       [  -6916.78382973],
       [  -6916.78382973],
       [  -6916.78382973],
       [  -6916.78382973],
       [  -6916.78382973],
       [  -6916.78382973],
       [  -6916.78382973],
       [  -6916.78382973],
       [  -6916.78382973],
       [  -6916.78382973],
       [  -6916.78382973],
       [  -6916.78382973],
       [  -6916.78382973],
       [  -6916.78382973],
       [  -6916.78382973],
       [  -6916.78382973],
       [  -6916.78382973],
       [  -6916.78382973],
       [  -6916.78382973],
       [  -6916.78382973],
       [  -6916.78382973],
       [  -6916.78382973],
       [  -6916.78382973],
       [  -6916.78382973],
       [  -6916.78382973],
       [  -6916.78382973],
       [  -6916.78382973],
       [  -6916.78382973],
       [  -6916.78382973],
       [  -6916.78382973],
       [  -6916.78382973],
       [  -6916.78382973],
       [  -6916.78382973],
       [  -6916.78382973],
       [  -6916.78382973],
       [  -6916.78382973],
       [  -6916.78382973],
       [  -6916.78382973],
       [  -6916.78382973],
       [  -6916.78382973],
       [  -6916.78382973],
       [  -6916.78382973],
       [  -6916.78382973],
       [  -6916.78382973],
       [  -6916.78382973],
       [  -6916.78382973],
       [  -6916.78382973],
       [  -6916.78382973],
       [  -6916.78382973],
       [  -6916.78382973],
       [  -6916.78382973],
       [  -6916.78382973],
       [  -6916.78382973],
       [  -6916.78382973],
       [  -6916.78382973],
       [  -6916.78382973],
       [  -6916.78382973],
       [  -6916.78382973],
       [  -6916.78382973],
       [  -6916.78382973],
       [  -6916.78382973],
       [  -6916.78382973],
       [  -6916.78382973],
       [  -6916.78382973],
       [  -6916.78382973],
       [  -6916.78382973],
       [  -6916.78382973],
       [  -6916.78382973],
       [  -6916.78382973],
       [  -6916.78382973],
       [  -6916.78382973],
       [  -6916.78382973],
       [  -6916.78382973],
       [  -6916.78382973],
       [  -6916.78382973],
       [  -6916.78382973],
       [  -6916.78382973],
       [  -6916.78382973],
       [  -6916.78382973],
       [  -6916.78382973],
       [  -6916.78382973],
       [  -6916.78382973],
       [  -6916.78382973],
       [  -6916.78382973],
       [  -6916.78382973],
       [  -6916.78382973],
       [  -6916.78382973],
       [  -6916.78382973],
       [  -6916.78382973],
       [  -6916.78382973],
       [  -6916.78382973],
       [  -6916.78382973],
       [  -6916.78382973],
       [  -6916.78382973],
       [  -6916.78382973],
       [  -6916.78382973],
       [  -6916.78382973],
       [  -6916.78382973],
       [  -6916.78382973],
       [  -6916.78382973],
       [  -6916.78382973],
       [  -6916.78382973],
       [  -6916.78382973],
       [  -6916.78382973],
       [  -6916.78382973],
       [  -6916.78382973],
       [  -6916.78382973],
       [  -6916.78382973],
       [  -6916.78382973],
       [  -6916.78382973],
       [  -6916.78382973],
       [  -6916.78382973],
       [  -6916.78382973],
       [  -6916.78382973],
       [  -6916.78382973],
       [  -6916.78382973],
       [  -6916.78382973],
       [  -6916.78382973],
       [  -6916.78382973],
       [  -6916.78382973],
       [  -6916.78382973],
       [  -6916.78382973],
       [  -6916.78382973],
       [  -6916.78382973],
       [  -6916.78382973],
       [  -6916.78382973],
       [  -6916.78382973],
       [  -6916.78382973],
       [  -6916.78382973],
       [  -6916.78382973],
       [  -6916.78382973],
       [  -6916.78382973],
       [  -6916.78382973],
       [  -6916.78382973],
       [  -6916.78382973],
       [  -6916.78382973],
       [  -6916.78382973],
       [  -6916.78382973],
       [  -6916.78382973],
       [  -6916.78382973],
       [  -6916.78382973],
       [  -6916.78382973],
       [  -6916.78382973],
       [  -6916.78382973],
       [  -6916.78382973],
       [  -6916.78382973],
       [  -6916.78382973],
       [  -6916.78382973],
       [  -6916.78382973],
       [  -6916.78382973],
       [  -6916.78382973],
       [  -6916.78382973],
       [  -6916.78382973],
       [  -6916.78382973],
       [  -6916.78382973],
       [  -6916.78382973],
       [  -6916.78382973],
       [  -6916.78382973],
       [  -6916.78382973],
       [  -6916.78382973],
       [  -6916.78382973],
       [  -6916.78382973],
       [  -6916.78382973],
       [  -6916.78382973],
       [  -6916.78382973],
       [  -6916.78382973],
       [  -6916.78382973],
       [  -6916.78382973],
       [  -6916.78382973],
       [  -6916.78382973],
       [  -6916.78382973],
       [  -6916.78382973],
       [  -6916.78382973],
       [  -6916.78382973],
       [  -6916.78382973],
       [  -6916.78382973],
       [  -6916.78382973],
       [  -6916.78382973],
       [  -6916.78382973],
       [  -6916.78382973],
       [  -6916.78382973],
       [  -6916.78382973],
       [  -6916.78382973],
       [  -6916.78382973],
       [  -6916.78382973],
       [  -6916.78382973],
       [  -6916.78382973],
       [  -6916.78382973],
       [  -6916.78382973],
       [  -6916.78382973],
       [  -6916.78382973],
       [  -6916.78382973],
       [  -6916.78382973],
       [  -6916.78382973],
       [  -6916.78382973],
       [  -6916.78382973],
       [  -6916.78382973],
       [  -6916.78382973],
       [  -6916.78382973],
       [  -6916.78382973],
       [  -6916.78382973],
       [  -6916.78382973],
       [  -6916.78382973],
       [  -6916.78382973],
       [  -6916.78382973],
       [  -6916.78382973],
       [  -6916.78382973],
       [  -6916.78382973],
       [  -6916.78382973],
       [  -6916.78382973],
       [  -6916.78382973],
       [  -6916.78382973],
       [  -6916.78382973],
       [  -6916.78382973],
       [  -6916.78382973],
       [  -6916.78382973],
       [  -6916.78382973],
       [  -6916.78382973],
       [  -6916.78382973],
       [  -6916.78382973],
       [  -6916.78382973],
       [  -6916.78382973],
       [  -6916.78382973],
       [  -6916.78382973],
       [  -6916.78382973],
       [  -6916.78382973],
       [  -6916.78382973],
       [  -6916.78382973],
       [  -6916.78382973],
       [  -6916.78382973],
       [  -6916.78382973],
       [  -6916.78382973],
       [  -6916.78382973],
       [  -6916.78382973],
       [  -6916.78382973],
       [  -6916.78382973],
       [  -6916.78382973],
       [  -6916.78382973],
       [  -6916.78382973],
       [  -6916.78382973],
       [  -6916.78382973],
       [  -6916.78382973],
       [  -6916.78382973],
       [  -6916.78382973],
       [  -6916.78382973],
       [  -6916.78382973],
       [  -6916.78382973],
       [  -6916.78382973],
       [  -6916.78382973],
       [  -6916.78382973],
       [  -6916.78382973],
       [  -6916.78382973],
       [  -6916.78382973],
       [  -6916.78382973],
       [  -6916.78382973],
       [  -6916.78382973],
       [  -6916.78382973],
       [  -6916.78382973],
       [  -6916.78382973],
       [  -6916.78382973],
       [  -6916.78382973],
       [  -6916.78382973],
       [  -6916.78382973],
       [  -6916.78382973],
       [  -6916.78382973],
       [  -6916.78382973],
       [  -6916.78382973],
       [  -6916.78382973],
       [  -6916.78382973],
       [  -6916.78382973],
       [  -6916.78382973],
       [  -6916.78382973],
       [  -6916.78382973],
       [  -6916.78382973],
       [  -6916.78382973],
       [  -6916.78382973],
       [  -6916.78382973],
       [  -6916.78382973],
       [  -6916.78382973],
       [  -6916.78382973],
       [  -6916.78382973],
       [  -6916.78382973],
       [  -6916.78382973],
       [  -6916.78382973],
       [  -6916.78382973],
       [  -6916.78382973],
       [  -6916.78382973],
       [  -6916.78382973],
       [  -6916.78382973],
       [  -6916.78382973],
       [  -6916.78382973],
       [  -6916.78382973],
       [  -6916.78382973],
       [  -6916.78382973],
       [  -6916.78382973],
       [  -6916.78382973],
       [  -6916.78382973],
       [  -6916.78382973],
       [  -6916.78382973],
       [  -6916.78382973],
       [  -6916.78382973],
       [  -6916.78382973],
       [  -6916.78382973],
       [  -6916.78382973],
       [  -6916.78382973],
       [  -6916.78382973],
       [  -6916.78382973],
       [  -6916.78382973],
       [  -6916.78382973],
       [  -6916.78382973],
       [  -6916.78382973],
       [  -6916.78382973],
       [  -6916.78382973],
       [  -6916.78382973],
       [  -6916.78382973],
       [  -6916.78382973],
       [  -6916.78382973],
       [  -6916.78382973],
       [  -6916.78382973],
       [  -6916.78382973],
       [  -6916.78382973],
       [  -6916.78382973],
       [  -6916.78382973],
       [  -6916.78382973],
       [  -6916.78382973],
       [  -6916.78382973],
       [  -6916.78382973],
       [  -6916.78382973],
       [  -6916.78382973],
       [  -6916.78382973],
       [  -6916.78382973],
       [  -6916.78382973],
       [  -6916.78382973],
       [  -6916.78382973],
       [  -6916.78382973],
       [  -6916.78382973],
       [  -6916.78382973],
       [  -6916.78382973],
       [  -6916.78382973],
       [  -6916.78382973],
       [  -6916.78382973],
       [  -6916.78382973],
       [  -6916.78382973],
       [  -6916.78382973],
       [  -6916.78382973],
       [  -6916.78382973],
       [  -6916.78382973],
       [  -6916.78382973],
       [  -6916.78382973],
       [  -6916.78382973],
       [  -6916.78382973],
       [  -6916.78382973],
       [  -6916.78382973],
       [  -6916.78382973],
       [  -6916.78382973],
       [  -6916.78382973],
       [  -6916.78382973],
       [  -6916.78382973],
       [  -6916.78382973],
       [  -6916.78382973],
       [  -6916.78382973],
       [  -6916.78382973],
       [  -6916.78382973],
       [  -6916.78382973],
       [  -6916.78382973],
       [  -6916.78382973],
       [  -6916.78382973],
       [  -6916.78382973],
       [  -6916.78382973],
       [  -6916.78382973],
       [  -6916.78382973],
       [  -6916.78382973],
       [  -6916.78382973],
       [  -6916.78382973],
       [  -6916.78382973],
       [  -6916.78382973],
       [  -6916.78382973],
       [  -6916.78382973],
       [  -6916.78382973],
       [  -6916.78382973],
       [  -6916.78382973],
       [  -6916.78382973],
       [  -6916.78382973],
       [  -6916.78382973],
       [  -6916.78382973],
       [  -6916.78382973],
       [  -6916.78382973],
       [  -6916.78382973],
       [  -6916.78382973],
       [  -6916.78382973],
       [  -6916.78382973],
       [  -6916.78382973],
       [  -6916.78382973],
       [  -6916.78382973],
       [  -6916.78382973],
       [  -6916.78382973],
       [  -6916.78382973],
       [  -6916.78382973],
       [  -6916.78382973],
       [  -6916.78382973],
       [  -6916.78382973],
       [  -6916.78382973],
       [  -6916.78382973],
       [  -6916.78382973],
       [  -6916.78382973],
       [  -6916.78382973],
       [  -6916.78382973],
       [  -6916.78382973],
       [  -6916.78382973],
       [  -6916.78382973],
       [  -6916.78382973],
       [  -6916.78382973],
       [  -6916.78382973],
       [  -6916.78382973],
       [  -6916.78382973],
       [  -6916.78382973],
       [  -6916.78382973],
       [  -6916.78382973],
       [  -6916.78382973],
       [  -6916.78382973],
       [  -6916.78382973],
       [  -6916.78382973],
       [  -6839.06709426],
       [  -6839.06709426],
       [  -6839.06709426],
       [  -6839.06709426],
       [  -6839.06709426],
       [  -6839.06709426],
       [  -6839.06709426],
       [  -6839.06709426],
       [  -6839.06709426],
       [  -6839.06709426],
       [  -6839.06709426],
       [  -6839.06709426],
       [  -6839.06709426],
       [  -6839.06709426],
       [  -6839.06709426],
       [  -6839.06709426],
       [  -6839.06709426],
       [  -6839.06709426],
       [  -6839.06709426],
       [  -6839.06709426],
       [  -6839.06709426],
       [  -6839.06709426],
       [  -6839.06709426],
       [  -6839.06709426],
       [  -6839.06709426],
       [  -6528.5730331 ],
       [  -6528.5730331 ],
       [  -6528.5730331 ],
       [  -6528.5730331 ],
       [  -6528.5730331 ],
       [  -6528.5730331 ],
       [  -6528.5730331 ],
       [  -6528.5730331 ],
       [  -6528.5730331 ],
       [  -6528.5730331 ],
       [  -6528.5730331 ],
       [  -6528.5730331 ],
       [  -6528.5730331 ],
       [  -6528.5730331 ],
       [  -6528.5730331 ],
       [  -6528.5730331 ],
       [  -6528.5730331 ],
       [  -6528.5730331 ],
       [  -6528.5730331 ],
       [  -6528.5730331 ],
       [  -6528.5730331 ],
       [  -6528.5730331 ],
       [  -6528.5730331 ],
       [  -6528.5730331 ],
       [  -6528.5730331 ],
       [  -6528.5730331 ],
       [  -6528.5730331 ],
       [  -6528.5730331 ],
       [  -6528.5730331 ],
       [  -6528.5730331 ],
       [  -6528.5730331 ],
       [  -6528.5730331 ],
       [  -6528.5730331 ],
       [  -6528.5730331 ],
       [  -6528.5730331 ],
       [  -6528.5730331 ],
       [  -6528.5730331 ],
       [  -6528.5730331 ],
       [  -6528.5730331 ],
       [  -6528.5730331 ],
       [  -6528.5730331 ],
       [  -6528.5730331 ],
       [  -6528.5730331 ],
       [  -6528.5730331 ],
       [  -6528.5730331 ],
       [  -6528.5730331 ],
       [  -6528.5730331 ],
       [  -6528.5730331 ],
       [  -6528.5730331 ],
       [  -6528.5730331 ],
       [  -6144.83698161],
       [  -6144.83698161],
       [  -6144.83698161],
       [  -6144.83698161],
       [  -6144.83698161],
       [  -6144.83698161],
       [  -6144.83698161],
       [  -6144.83698161],
       [  -6144.83698161],
       [  -6144.83698161],
       [  -6144.83698161],
       [  -6144.83698161],
       [  -6144.83698161],
       [  -6144.83698161],
       [  -6144.83698161],
       [  -6144.83698161],
       [  -6144.83698161],
       [  -6144.83698161],
       [  -6144.83698161],
       [  -6144.83698161],
       [  -6144.83698161],
       [  -6144.83698161],
       [  -6144.83698161],
       [  -6144.83698161],
       [  -6144.83698161],
       [  -6144.83698161],
       [  -6144.83698161],
       [  -6144.83698161],
       [  -6144.83698161],
       [  -6144.83698161],
       [  -6144.83698161],
       [  -6144.83698161],
       [  -6144.83698161],
       [  -6144.83698161],
       [  -6144.83698161],
       [  -6144.83698161],
       [  -6144.83698161],
       [  -6144.83698161],
       [  -6144.83698161],
       [  -6144.83698161],
       [  -6144.83698161],
       [  -6144.83698161],
       [  -6144.83698161],
       [  -6144.83698161],
       [  -6144.83698161],
       [  -6144.83698161],
       [  -6144.83698161],
       [  -6144.83698161],
       [  -6144.83698161],
       [  -6144.83698161],
       [  -6144.83698161],
       [  -6144.83698161],
       [  -6144.83698161],
       [  -6144.83698161],
       [  -6144.83698161],
       [  -6144.83698161],
       [  -6144.83698161],
       [  -6144.83698161],
       [  -6144.83698161],
       [  -6144.83698161],
       [  -6144.83698161],
       [  -6144.83698161],
       [  -6144.83698161],
       [  -6144.83698161],
       [  -6144.83698161],
       [  -6144.83698161],
       [  -6144.83698161],
       [  -6144.83698161],
       [  -6144.83698161],
       [  -6144.83698161],
       [  -6144.83698161],
       [  -6144.83698161],
       [  -6144.83698161],
       [  -6144.83698161],
       [  -6144.83698161],
       [  -6144.83698161],
       [  -6144.83698161],
       [  -6144.83698161],
       [  -6144.83698161],
       [  -6144.83698161],
       [  -6144.83698161],
       [  -6144.83698161],
       [  -6144.83698161],
       [  -6144.83698161],
       [  -6144.83698161],
       [  -6144.83698161],
       [  -6144.83698161],
       [  -6144.83698161],
       [  -6144.83698161],
       [  -6144.83698161],
       [  -6144.83698161],
       [  -6144.83698161],
       [  -6144.83698161],
       [  -6144.83698161],
       [  -6144.83698161],
       [  -6144.83698161],
       [  -6144.83698161],
       [  -6144.83698161],
       [  -6144.83698161],
       [  -6144.83698161],
       [  -6144.83698161],
       [  -6144.83698161],
       [  -6144.83698161],
       [  -6144.83698161],
       [  -6144.83698161],
       [  -6144.83698161],
       [  -6144.83698161],
       [  -6144.83698161],
       [  -6144.83698161],
       [  -6144.83698161],
       [  -6144.83698161],
       [  -6144.83698161],
       [  -6144.83698161],
       [  -6144.83698161],
       [  -6144.83698161],
       [  -6144.83698161],
       [  -6144.83698161],
       [  -6144.83698161],
       [  -6144.83698161],
       [  -6144.83698161],
       [  -6144.83698161],
       [  -6144.83698161],
       [  -6144.83698161],
       [  -6144.83698161],
       [  -6144.83698161],
       [  -6144.83698161],
       [  -6144.83698161],
       [  -6144.83698161],
       [  -6144.83698161],
       [  -6144.83698161],
       [  -6144.83698161],
       [  -6144.83698161],
       [  -6144.83698161],
       [  -6144.83698161],
       [  -6144.83698161],
       [  -6144.83698161],
       [  -6144.83698161],
       [  -6144.83698161],
       [  -6144.83698161],
       [  -6144.83698161],
       [  -6144.83698161],
       [  -6144.83698161],
       [  -6144.83698161],
       [  -6144.83698161],
       [  -6144.83698161],
       [  -6144.83698161],
       [  -6144.83698161],
       [  -6144.83698161],
       [  -6144.83698161],
       [  -6144.83698161],
       [  -6144.83698161],
       [  -6144.83698161],
       [  -6144.83698161],
       [  -6144.83698161],
       [  -6144.83698161],
       [  -6144.83698161],
       [  -6144.83698161],
       [  -6144.83698161],
       [  -5120.30965654],
       [  -5120.30965654],
       [  -5120.30965654],
       [  -5120.30965654],
       [  -5120.30965654],
       [  -5120.30965654],
       [  -5120.30965654],
       [  -5120.30965654],
       [  -5120.30965654],
       [  -5120.30965654],
       [  -5120.30965654],
       [  -5120.30965654],
       [  -5120.30965654],
       [  -5120.30965654],
       [  -5120.30965654],
       [  -5120.30965654],
       [  -5120.30965654],
       [  -5120.30965654],
       [  -5120.30965654],
       [  -5120.30965654],
       [  -5120.30965654],
       [  -5120.30965654],
       [  -5120.30965654],
       [  -5120.30965654],
       [  -5120.30965654],
       [  -5120.30965654],
       [  -5120.30965654],
       [  -5120.30965654],
       [  -5120.30965654],
       [  -5120.30965654],
       [  -5120.30965654],
       [  -5120.30965654]])]
result: 1 [array([ 1.        ,  0.        ,  0.33333333, 41.5       , 41.5       ,
       13.        , 13.        ,  0.1       ,  0.1       ]), array([ 1.03917759e+00, -6.72556670e-03,  4.26220596e-01,  5.56969561e+01,
        2.62362434e+01,  1.44143116e+01,  1.50467974e+01,  2.78861993e-01,
        2.75715308e-01]), array([2.63333027e-02, 1.02276979e-03, 5.52521457e-02, 3.57283498e+00,
       1.53873035e+00, 4.04931145e-01, 9.08668012e-01, 5.86458829e-02,
       3.38341850e-02]), 4.855160676695472e-07, -11879.104380022802, array([[ 1.00000000e+00,  0.00000000e+00,  3.33333333e-01, ...,
         1.30000000e+01,  1.00000000e-01,  1.00000000e-01],
       [ 1.00000000e+00,  0.00000000e+00,  3.33333333e-01, ...,
         1.30000000e+01,  1.00000000e-01,  1.00000000e-01],
       [ 1.01203969e+00, -7.15514627e-04,  3.17424710e-01, ...,
         1.32784406e+01,  1.13766032e-01,  1.01888001e-01],
       ...,
       [ 1.04731478e+00, -5.41621578e-03,  5.48357882e-01, ...,
         1.58555860e+01,  3.08146739e-01,  3.06537584e-01],
       [ 1.04731478e+00, -5.41621578e-03,  5.48357882e-01, ...,
         1.58555860e+01,  3.08146739e-01,  3.06537584e-01],
       [ 1.04731478e+00, -5.41621578e-03,  5.48357882e-01, ...,
         1.58555860e+01,  3.08146739e-01,  3.06537584e-01]]), array([[      0.        ],
       [-339008.59185248],
       [-303149.07803066],
       [-297419.80702922],
       [-265812.28143507],
       [-264612.60860992],
       [ -73404.36027775],
       [ -73404.36027775],
       [ -73404.36027775],
       [ -73404.36027775],
       [ -59127.15098076],
       [ -59127.15098076],
       [ -59127.15098076],
       [ -59127.15098076],
       [ -59127.15098076],
       [ -59127.15098076],
       [ -59127.15098076],
       [ -59127.15098076],
       [ -59127.15098076],
       [ -59127.15098076],
       [ -59127.15098076],
       [ -50772.99529058],
       [ -50772.99529058],
       [ -50772.99529058],
       [ -50772.99529058],
       [ -50772.99529058],
       [ -50772.99529058],
       [ -30649.39147812],
       [ -30649.39147812],
       [ -30649.39147812],
       [ -30649.39147812],
       [ -30649.39147812],
       [ -30649.39147812],
       [ -30649.39147812],
       [ -30649.39147812],
       [ -30649.39147812],
       [ -30649.39147812],
       [ -30649.39147812],
       [ -30649.39147812],
       [ -30649.39147812],
       [ -30649.39147812],
       [ -30649.39147812],
       [ -30649.39147812],
       [ -30649.39147812],
       [ -27585.90983181],
       [ -27585.90983181],
       [ -27585.90983181],
       [ -27585.90983181],
       [ -27585.90983181],
       [ -27585.90983181],
       [ -27585.90983181],
       [ -27585.90983181],
       [ -27585.90983181],
       [ -27585.90983181],
       [ -27585.90983181],
       [ -27585.90983181],
       [ -27585.90983181],
       [ -27585.90983181],
       [ -27585.90983181],
       [ -27585.90983181],
       [ -27585.90983181],
       [ -27585.90983181],
       [ -27585.90983181],
       [ -27585.90983181],
       [ -27585.90983181],
       [ -24201.82933941],
       [ -24201.82933941],
       [ -24201.82933941],
       [ -16157.81052222],
       [ -16157.81052222],
       [ -16157.81052222],
       [ -16157.81052222],
       [ -16157.81052222],
       [ -16157.81052222],
       [ -16157.81052222],
       [ -16157.81052222],
       [ -16157.81052222],
       [ -16157.81052222],
       [ -16157.81052222],
       [ -16157.81052222],
       [ -16157.81052222],
       [ -16157.81052222],
       [ -16157.81052222],
       [ -16157.81052222],
       [ -16157.81052222],
       [ -15290.64516027],
       [ -15290.64516027],
       [ -15290.64516027],
       [ -15290.64516027],
       [ -11815.53575064],
       [ -11815.53575064],
       [ -11815.53575064],
       [ -11760.00911217],
       [ -11760.00911217],
       [ -11760.00911217],
       [ -11760.00911217],
       [ -11760.00911217],
       [ -11760.00911217],
       [ -11760.00911217],
       [ -11760.00911217],
       [ -11760.00911217],
       [ -10293.37949565],
       [ -10293.37949565],
       [ -10293.37949565],
       [ -10293.37949565],
       [ -10293.37949565],
       [ -10293.37949565],
       [ -10293.37949565],
       [ -10293.37949565],
       [ -10293.37949565],
       [ -10293.37949565],
       [ -10293.37949565],
       [ -10293.37949565],
       [ -10293.37949565],
       [ -10293.37949565],
       [ -10293.37949565],
       [ -10293.37949565],
       [ -10293.37949565],
       [ -10293.37949565],
       [ -10293.37949565],
       [ -10293.37949565],
       [ -10293.37949565],
       [ -10293.37949565],
       [ -10293.37949565],
       [ -10293.37949565],
       [ -10293.37949565],
       [ -10293.37949565],
       [ -10293.37949565],
       [ -10293.37949565],
       [ -10293.37949565],
       [ -10293.37949565],
       [ -10293.37949565],
       [ -10293.37949565],
       [ -10293.37949565],
       [ -10293.37949565],
       [ -10293.37949565],
       [ -10293.37949565],
       [ -10293.37949565],
       [ -10293.37949565],
       [ -10293.37949565],
       [ -10293.37949565],
       [ -10293.37949565],
       [ -10293.37949565],
       [ -10293.37949565],
       [ -10293.37949565],
       [ -10293.37949565],
       [ -10293.37949565],
       [ -10293.37949565],
       [ -10293.37949565],
       [ -10293.37949565],
       [ -10293.37949565],
       [ -10293.37949565],
       [ -10293.37949565],
       [ -10293.37949565],
       [ -10293.37949565],
       [ -10293.37949565],
       [ -10293.37949565],
       [ -10293.37949565],
       [ -10293.37949565],
       [ -10293.37949565],
       [ -10293.37949565],
       [ -10293.37949565],
       [  -9906.82691813],
       [  -9906.82691813],
       [  -9002.54293284],
       [  -9002.54293284],
       [  -9002.54293284],
       [  -9002.54293284],
       [  -9002.54293284],
       [  -9002.54293284],
       [  -9002.54293284],
       [  -9002.54293284],
       [  -9002.54293284],
       [  -9002.54293284],
       [  -9002.54293284],
       [  -9002.54293284],
       [  -9002.54293284],
       [  -9002.54293284],
       [  -9002.54293284],
       [  -9002.54293284],
       [  -9002.54293284],
       [  -9002.54293284],
       [  -9002.54293284],
       [  -9002.54293284],
       [  -9002.54293284],
       [  -9002.54293284],
       [  -9002.54293284],
       [  -9002.54293284],
       [  -9002.54293284],
       [  -9002.54293284],
       [  -9002.54293284],
       [  -9002.54293284],
       [  -9002.54293284],
       [  -9002.54293284],
       [  -9002.54293284],
       [  -9002.54293284],
       [  -9002.54293284],
       [  -9002.54293284],
       [  -9002.54293284],
       [  -9002.54293284],
       [  -9002.54293284],
       [  -9002.54293284],
       [  -9002.54293284],
       [  -9002.54293284],
       [  -9002.54293284],
       [  -9002.54293284],
       [  -9002.54293284],
       [  -9002.54293284],
       [  -9002.54293284],
       [  -9002.54293284],
       [  -9002.54293284],
       [  -9002.54293284],
       [  -9002.54293284],
       [  -9002.54293284],
       [  -9002.54293284],
       [  -9002.54293284],
       [  -9002.54293284],
       [  -9002.54293284],
       [  -9002.54293284],
       [  -9002.54293284],
       [  -9002.54293284],
       [  -9002.54293284],
       [  -9002.54293284],
       [  -9002.54293284],
       [  -9002.54293284],
       [  -9002.54293284],
       [  -9002.54293284],
       [  -9002.54293284],
       [  -9002.54293284],
       [  -9002.54293284],
       [  -9002.54293284],
       [  -9002.54293284],
       [  -9002.54293284],
       [  -9002.54293284],
       [  -9002.54293284],
       [  -9002.54293284],
       [  -9002.54293284],
       [  -9002.54293284],
       [  -9002.54293284],
       [  -9002.54293284],
       [  -9002.54293284],
       [  -9002.54293284],
       [  -9002.54293284],
       [  -9002.54293284],
       [  -9002.54293284],
       [  -9002.54293284],
       [  -9002.54293284],
       [  -9002.54293284],
       [  -9002.54293284],
       [  -9002.54293284],
       [  -9002.54293284],
       [  -9002.54293284],
       [  -9002.54293284],
       [  -9002.54293284],
       [  -9002.54293284],
       [  -9002.54293284],
       [  -9002.54293284],
       [  -9002.54293284],
       [  -9002.54293284],
       [  -9002.54293284],
       [  -9002.54293284],
       [  -9002.54293284],
       [  -9002.54293284],
       [  -9002.54293284],
       [  -9002.54293284],
       [  -9002.54293284],
       [  -9002.54293284],
       [  -9002.54293284],
       [  -9002.54293284],
       [  -9002.54293284],
       [  -9002.54293284],
       [  -9002.54293284],
       [  -9002.54293284],
       [  -9002.54293284],
       [  -9002.54293284],
       [  -9002.54293284],
       [  -9002.54293284],
       [  -9002.54293284],
       [  -9002.54293284],
       [  -9002.54293284],
       [  -9002.54293284],
       [  -9002.54293284],
       [  -9002.54293284],
       [  -9002.54293284],
       [  -9002.54293284],
       [  -9002.54293284],
       [  -9002.54293284],
       [  -9002.54293284],
       [  -9002.54293284],
       [  -9002.54293284],
       [  -9002.54293284],
       [  -9002.54293284],
       [  -9002.54293284],
       [  -9002.54293284],
       [  -9002.54293284],
       [  -9002.54293284],
       [  -9002.54293284],
       [  -9002.54293284],
       [  -9002.54293284],
       [  -9002.54293284],
       [  -9002.54293284],
       [  -9002.54293284],
       [  -9002.54293284],
       [  -9002.54293284],
       [  -9002.54293284],
       [  -9002.54293284],
       [  -9002.54293284],
       [  -9002.54293284],
       [  -9002.54293284],
       [  -9002.54293284],
       [  -9002.54293284],
       [  -9002.54293284],
       [  -9002.54293284],
       [  -9002.54293284],
       [  -9002.54293284],
       [  -9002.54293284],
       [  -9002.54293284],
       [  -9002.54293284],
       [  -9002.54293284],
       [  -9002.54293284],
       [  -9002.54293284],
       [  -9002.54293284],
       [  -9002.54293284],
       [  -9002.54293284],
       [  -9002.54293284],
       [  -9002.54293284],
       [  -9002.54293284],
       [  -9002.54293284],
       [  -9002.54293284],
       [  -9002.54293284],
       [  -9002.54293284],
       [  -9002.54293284],
       [  -9002.54293284],
       [  -9002.54293284],
       [  -9002.54293284],
       [  -9002.54293284],
       [  -9002.54293284],
       [  -9002.54293284],
       [  -9002.54293284],
       [  -9002.54293284],
       [  -9002.54293284],
       [  -9002.54293284],
       [  -9002.54293284],
       [  -9002.54293284],
       [  -9002.54293284],
       [  -9002.54293284],
       [  -9002.54293284],
       [  -9002.54293284],
       [  -9002.54293284],
       [  -9002.54293284],
       [  -9002.54293284],
       [  -9002.54293284],
       [  -9002.54293284],
       [  -9002.54293284],
       [  -9002.54293284],
       [  -8725.76653925],
       [  -8725.76653925],
       [  -8579.13780384],
       [  -8579.13780384],
       [  -8579.13780384],
       [  -8579.13780384],
       [  -8579.13780384],
       [  -8579.13780384],
       [  -8579.13780384],
       [  -8579.13780384],
       [  -8579.13780384],
       [  -8579.13780384],
       [  -8579.13780384],
       [  -8579.13780384],
       [  -8579.13780384],
       [  -8579.13780384],
       [  -8579.13780384],
       [  -8579.13780384],
       [  -8579.13780384],
       [  -8579.13780384],
       [  -8579.13780384],
       [  -8579.13780384],
       [  -8579.13780384],
       [  -8579.13780384],
       [  -8579.13780384],
       [  -8579.13780384],
       [  -8579.13780384],
       [  -8579.13780384],
       [  -8579.13780384],
       [  -8579.13780384],
       [  -8579.13780384],
       [  -8579.13780384],
       [  -8579.13780384],
       [  -8579.13780384],
       [  -8579.13780384],
       [  -8579.13780384],
       [  -8579.13780384],
       [  -8579.13780384],
       [  -8579.13780384],
       [  -8579.13780384],
       [  -8579.13780384],
       [  -8579.13780384],
       [  -8579.13780384],
       [  -8579.13780384],
       [  -8579.13780384],
       [  -8579.13780384],
       [  -8579.13780384],
       [  -8579.13780384],
       [  -8579.13780384],
       [  -8579.13780384],
       [  -8579.13780384],
       [  -8579.13780384],
       [  -8579.13780384],
       [  -8579.13780384],
       [  -8579.13780384],
       [  -8579.13780384],
       [  -8579.13780384],
       [  -8579.13780384],
       [  -8579.13780384],
       [  -8579.13780384],
       [  -8579.13780384],
       [  -8579.13780384],
       [  -8579.13780384],
       [  -8579.13780384],
       [  -8579.13780384],
       [  -8579.13780384],
       [  -8579.13780384],
       [  -8579.13780384],
       [  -8579.13780384],
       [  -8579.13780384],
       [  -8579.13780384],
       [  -8579.13780384],
       [  -8579.13780384],
       [  -8579.13780384],
       [  -8579.13780384],
       [  -8579.13780384],
       [  -8579.13780384],
       [  -8579.13780384],
       [  -8579.13780384],
       [  -8579.13780384],
       [  -8579.13780384],
       [  -8579.13780384],
       [  -8579.13780384],
       [  -8579.13780384],
       [  -8579.13780384],
       [  -8579.13780384],
       [  -8579.13780384],
       [  -8579.13780384],
       [  -8579.13780384],
       [  -8579.13780384],
       [  -8579.13780384],
       [  -8579.13780384],
       [  -8579.13780384],
       [  -8579.13780384],
       [  -8579.13780384],
       [  -8579.13780384],
       [  -8579.13780384],
       [  -8579.13780384],
       [  -8579.13780384],
       [  -8579.13780384],
       [  -8579.13780384],
       [  -8579.13780384],
       [  -8579.13780384],
       [  -8579.13780384],
       [  -8579.13780384],
       [  -8579.13780384],
       [  -8579.13780384],
       [  -8579.13780384],
       [  -8579.13780384],
       [  -8579.13780384],
       [  -8579.13780384],
       [  -8579.13780384],
       [  -8579.13780384],
       [  -8579.13780384],
       [  -8579.13780384],
       [  -8579.13780384],
       [  -8579.13780384],
       [  -8579.13780384],
       [  -8579.13780384],
       [  -8579.13780384],
       [  -8579.13780384],
       [  -8579.13780384],
       [  -8579.13780384],
       [  -8579.13780384],
       [  -8579.13780384],
       [  -8579.13780384],
       [  -8579.13780384],
       [  -8579.13780384],
       [  -8579.13780384],
       [  -8579.13780384],
       [  -8579.13780384],
       [  -8579.13780384],
       [  -8579.13780384],
       [  -8579.13780384],
       [  -8579.13780384],
       [  -8579.13780384],
       [  -8579.13780384],
       [  -8579.13780384],
       [  -8579.13780384],
       [  -8579.13780384],
       [  -8579.13780384],
       [  -8579.13780384],
       [  -8579.13780384],
       [  -8579.13780384],
       [  -8579.13780384],
       [  -8579.13780384],
       [  -8579.13780384],
       [  -8579.13780384],
       [  -8579.13780384],
       [  -8579.13780384],
       [  -8579.13780384],
       [  -8579.13780384],
       [  -8579.13780384],
       [  -8579.13780384],
       [  -8579.13780384],
       [  -8579.13780384],
       [  -8579.13780384],
       [  -8579.13780384],
       [  -8579.13780384],
       [  -8579.13780384],
       [  -8579.13780384],
       [  -8579.13780384],
       [  -8579.13780384],
       [  -8579.13780384],
       [  -8579.13780384],
       [  -8579.13780384],
       [  -8579.13780384],
       [  -8579.13780384],
       [  -8579.13780384],
       [  -8579.13780384],
       [  -8579.13780384],
       [  -8579.13780384],
       [  -8579.13780384],
       [  -8579.13780384],
       [  -8579.13780384],
       [  -8579.13780384],
       [  -8579.13780384],
       [  -8579.13780384],
       [  -8579.13780384],
       [  -8579.13780384],
       [  -8579.13780384],
       [  -8579.13780384],
       [  -8579.13780384],
       [  -8579.13780384],
       [  -8579.13780384],
       [  -8579.13780384],
       [  -8579.13780384],
       [  -8579.13780384],
       [  -8579.13780384],
       [  -8579.13780384],
       [  -8579.13780384],
       [  -8579.13780384],
       [  -8579.13780384],
       [  -8579.13780384],
       [  -8579.13780384],
       [  -8579.13780384],
       [  -8579.13780384],
       [  -8579.13780384],
       [  -8579.13780384],
       [  -8579.13780384],
       [  -8579.13780384],
       [  -8579.13780384],
       [  -8579.13780384],
       [  -8579.13780384],
       [  -8579.13780384],
       [  -8579.13780384],
       [  -8579.13780384],
       [  -8579.13780384],
       [  -8579.13780384],
       [  -8579.13780384],
       [  -8579.13780384],
       [  -8579.13780384],
       [  -8579.13780384],
       [  -8579.13780384],
       [  -8579.13780384],
       [  -8579.13780384],
       [  -8579.13780384],
       [  -8579.13780384],
       [  -8579.13780384],
       [  -8579.13780384],
       [  -8579.13780384],
       [  -8579.13780384],
       [  -8579.13780384],
       [  -8579.13780384],
       [  -8579.13780384],
       [  -8579.13780384],
       [  -8579.13780384],
       [  -8579.13780384],
       [  -8579.13780384],
       [  -8579.13780384],
       [  -8579.13780384],
       [  -8579.13780384],
       [  -8579.13780384],
       [  -8579.13780384],
       [  -8579.13780384],
       [  -8579.13780384],
       [  -8579.13780384],
       [  -8579.13780384],
       [  -8579.13780384],
       [  -8579.13780384],
       [  -8579.13780384],
       [  -8579.13780384],
       [  -8579.13780384],
       [  -8579.13780384],
       [  -8579.13780384],
       [  -8579.13780384],
       [  -8579.13780384],
       [  -8579.13780384],
       [  -8579.13780384],
       [  -8579.13780384],
       [  -8579.13780384],
       [  -8579.13780384],
       [  -8579.13780384],
       [  -8579.13780384],
       [  -8579.13780384],
       [  -8579.13780384],
       [  -8579.13780384],
       [  -8579.13780384],
       [  -8579.13780384],
       [  -8579.13780384],
       [  -8579.13780384],
       [  -8579.13780384],
       [  -8579.13780384],
       [  -8579.13780384],
       [  -8579.13780384],
       [  -8579.13780384],
       [  -8579.13780384],
       [  -8579.13780384],
       [  -8579.13780384],
       [  -8579.13780384],
       [  -8579.13780384],
       [  -8169.16663055],
       [  -8169.16663055],
       [  -8169.16663055],
       [  -8169.16663055],
       [  -8169.16663055],
       [  -8169.16663055],
       [  -8169.16663055],
       [  -8169.16663055],
       [  -8169.16663055],
       [  -8169.16663055],
       [  -8169.16663055],
       [  -8169.16663055],
       [  -8169.16663055],
       [  -8169.16663055],
       [  -8169.16663055],
       [  -8169.16663055],
       [  -8169.16663055],
       [  -8169.16663055],
       [  -8169.16663055],
       [  -8169.16663055],
       [  -8169.16663055],
       [  -8169.16663055],
       [  -8169.16663055],
       [  -8169.16663055],
       [  -8169.16663055],
       [  -8169.16663055],
       [  -8169.16663055],
       [  -8169.16663055],
       [  -8169.16663055],
       [  -8169.16663055],
       [  -8169.16663055],
       [  -8169.16663055],
       [  -8169.16663055],
       [  -8169.16663055],
       [  -8169.16663055],
       [  -8169.16663055],
       [  -8169.16663055],
       [  -8169.16663055],
       [  -8169.16663055],
       [  -8169.16663055],
       [  -8169.16663055],
       [  -8169.16663055],
       [  -8169.16663055],
       [  -8169.16663055],
       [  -8169.16663055],
       [  -8169.16663055],
       [  -8169.16663055],
       [  -8169.16663055],
       [  -8169.16663055],
       [  -8169.16663055],
       [  -8169.16663055],
       [  -8169.16663055],
       [  -8169.16663055],
       [  -8169.16663055],
       [  -8169.16663055],
       [  -8169.16663055],
       [  -8169.16663055],
       [  -8169.16663055],
       [  -8169.16663055],
       [  -8169.16663055],
       [  -8169.16663055],
       [  -8169.16663055],
       [  -8169.16663055],
       [  -8169.16663055],
       [  -8169.16663055],
       [  -8169.16663055],
       [  -8169.16663055],
       [  -8169.16663055],
       [  -8169.16663055],
       [  -8169.16663055],
       [  -8169.16663055],
       [  -8169.16663055],
       [  -8169.16663055],
       [  -8169.16663055],
       [  -8169.16663055],
       [  -8169.16663055],
       [  -8169.16663055],
       [  -8169.16663055],
       [  -8169.16663055],
       [  -8169.16663055],
       [  -8169.16663055],
       [  -8169.16663055],
       [  -8169.16663055],
       [  -8169.16663055],
       [  -8169.16663055],
       [  -8169.16663055],
       [  -8169.16663055],
       [  -8169.16663055],
       [  -8169.16663055],
       [  -8169.16663055],
       [  -8169.16663055],
       [  -8169.16663055],
       [  -8169.16663055],
       [  -8169.16663055],
       [  -8169.16663055],
       [  -8169.16663055],
       [  -8169.16663055],
       [  -8169.16663055],
       [  -8169.16663055],
       [  -8169.16663055],
       [  -8169.16663055],
       [  -8169.16663055],
       [  -8169.16663055],
       [  -8169.16663055],
       [  -8169.16663055],
       [  -8169.16663055],
       [  -8169.16663055],
       [  -8169.16663055],
       [  -8169.16663055],
       [  -8169.16663055],
       [  -8169.16663055],
       [  -8169.16663055],
       [  -8169.16663055],
       [  -8169.16663055],
       [  -8169.16663055],
       [  -8169.16663055],
       [  -8169.16663055],
       [  -8169.16663055],
       [  -8169.16663055],
       [  -8169.16663055],
       [  -8169.16663055],
       [  -8169.16663055],
       [  -8169.16663055],
       [  -8169.16663055],
       [  -8169.16663055],
       [  -8169.16663055],
       [  -8169.16663055],
       [  -8169.16663055],
       [  -8169.16663055],
       [  -8169.16663055],
       [  -8169.16663055],
       [  -8169.16663055],
       [  -8169.16663055],
       [  -8169.16663055],
       [  -7724.38751168],
       [  -7724.38751168],
       [  -7724.38751168],
       [  -7724.38751168],
       [  -7724.38751168],
       [  -7724.38751168],
       [  -7724.38751168],
       [  -7724.38751168],
       [  -7724.38751168],
       [  -7724.38751168],
       [  -7724.38751168],
       [  -7724.38751168],
       [  -7724.38751168],
       [  -7724.38751168],
       [  -7724.38751168],
       [  -7724.38751168],
       [  -7724.38751168],
       [  -7724.38751168],
       [  -7724.38751168],
       [  -7724.38751168],
       [  -7724.38751168],
       [  -7724.38751168],
       [  -7724.38751168],
       [  -7724.38751168],
       [  -7724.38751168],
       [  -7724.38751168],
       [  -7724.38751168],
       [  -7724.38751168],
       [  -7724.38751168],
       [  -7724.38751168],
       [  -7724.38751168],
       [  -7724.38751168],
       [  -7724.38751168],
       [  -7724.38751168],
       [  -7724.38751168],
       [  -7724.38751168],
       [  -7724.38751168],
       [  -7724.38751168],
       [  -7724.38751168],
       [  -7724.38751168],
       [  -7724.38751168],
       [  -7724.38751168],
       [  -7724.38751168],
       [  -7724.38751168],
       [  -7724.38751168],
       [  -7724.38751168],
       [  -7724.38751168],
       [  -7724.38751168],
       [  -7724.38751168],
       [  -7724.38751168],
       [  -7399.78632133],
       [  -7399.78632133],
       [  -7399.78632133],
       [  -7399.78632133],
       [  -7399.78632133],
       [  -7399.78632133],
       [  -7399.78632133],
       [  -7399.78632133],
       [  -7399.78632133],
       [  -7399.78632133],
       [  -7399.78632133],
       [  -7399.78632133],
       [  -7399.78632133],
       [  -7399.78632133],
       [  -7399.78632133],
       [  -7399.78632133],
       [  -7399.78632133],
       [  -7399.78632133],
       [  -7399.78632133],
       [  -7399.78632133],
       [  -7399.78632133],
       [  -7399.78632133],
       [  -7399.78632133],
       [  -7399.78632133],
       [  -7399.78632133],
       [  -7399.78632133],
       [  -7399.78632133],
       [  -7399.78632133],
       [  -7399.78632133],
       [  -7399.78632133],
       [  -7399.78632133],
       [  -7399.78632133],
       [  -7399.78632133],
       [  -7399.78632133],
       [  -7399.78632133],
       [  -7399.78632133],
       [  -7399.78632133],
       [  -7399.78632133],
       [  -7399.78632133],
       [  -7399.78632133],
       [  -7399.78632133],
       [  -7399.78632133],
       [  -7399.78632133],
       [  -7399.78632133],
       [  -7399.78632133],
       [  -7399.78632133],
       [  -7399.78632133],
       [  -7399.78632133],
       [  -7399.78632133],
       [  -7399.78632133],
       [  -7399.78632133],
       [  -7399.78632133],
       [  -7399.78632133],
       [  -7399.78632133],
       [  -7399.78632133],
       [  -7399.78632133],
       [  -7399.78632133],
       [  -7399.78632133],
       [  -7399.78632133],
       [  -7399.78632133],
       [  -7399.78632133],
       [  -7399.78632133],
       [  -7399.78632133],
       [  -7399.78632133],
       [  -7399.78632133],
       [  -7399.78632133],
       [  -7399.78632133],
       [  -7399.78632133],
       [  -7399.78632133],
       [  -7399.78632133],
       [  -7399.78632133],
       [  -7399.78632133],
       [  -7399.78632133],
       [  -7399.78632133],
       [  -7399.78632133],
       [  -7399.78632133],
       [  -7399.78632133],
       [  -7399.78632133],
       [  -7399.78632133],
       [  -7399.78632133],
       [  -7399.78632133],
       [  -7399.78632133],
       [  -7399.78632133],
       [  -7399.78632133],
       [  -7399.78632133],
       [  -7399.78632133],
       [  -7399.78632133],
       [  -7399.78632133],
       [  -7399.78632133],
       [  -7399.78632133],
       [  -7399.78632133],
       [  -7399.78632133],
       [  -7399.78632133],
       [  -7399.78632133],
       [  -7399.78632133],
       [  -7399.78632133],
       [  -7399.78632133],
       [  -7399.78632133],
       [  -7399.78632133],
       [  -7399.78632133],
       [  -7399.78632133],
       [  -7399.78632133],
       [  -7399.78632133],
       [  -7399.78632133],
       [  -7399.78632133],
       [  -7399.78632133],
       [  -7399.78632133],
       [  -7399.78632133],
       [  -7399.78632133],
       [  -7399.78632133],
       [  -7399.78632133],
       [  -7399.78632133],
       [  -7399.78632133],
       [  -7399.78632133],
       [  -7399.78632133],
       [  -7399.78632133],
       [  -7399.78632133],
       [  -7399.78632133],
       [  -7399.78632133],
       [  -7399.78632133],
       [  -7399.78632133],
       [  -7399.78632133],
       [  -7399.78632133],
       [  -7399.78632133],
       [  -7399.78632133],
       [  -7399.78632133],
       [  -7399.78632133],
       [  -7399.78632133],
       [  -7399.78632133],
       [  -7399.78632133],
       [  -7399.78632133],
       [  -7399.78632133],
       [  -7399.78632133],
       [  -7399.78632133],
       [  -7399.78632133],
       [  -7399.78632133],
       [  -7399.78632133],
       [  -7399.78632133],
       [  -7399.78632133],
       [  -7399.78632133],
       [  -7399.78632133],
       [  -7399.78632133],
       [  -7399.78632133],
       [  -7399.78632133],
       [  -7399.78632133],
       [  -7399.78632133],
       [  -7399.78632133],
       [  -7399.78632133],
       [  -7399.78632133],
       [  -7399.78632133],
       [  -7399.78632133],
       [  -7399.78632133],
       [  -7399.78632133],
       [  -7399.78632133],
       [  -7399.78632133],
       [  -7399.78632133],
       [  -7399.78632133],
       [  -7399.78632133],
       [  -6146.85418474],
       [  -6146.85418474],
       [  -6146.85418474],
       [  -6146.85418474],
       [  -6146.85418474],
       [  -6146.85418474],
       [  -6146.85418474],
       [  -6146.85418474],
       [  -6146.85418474],
       [  -6146.85418474],
       [  -6146.85418474],
       [  -6146.85418474],
       [  -6146.85418474],
       [  -6146.85418474],
       [  -6146.85418474],
       [  -6146.85418474],
       [  -6146.85418474],
       [  -6146.85418474],
       [  -6146.85418474],
       [  -6146.85418474],
       [  -6146.85418474],
       [  -6146.85418474],
       [  -6146.85418474],
       [  -6146.85418474],
       [  -6146.85418474],
       [  -6146.85418474],
       [  -6146.85418474],
       [  -6146.85418474],
       [  -6146.85418474],
       [  -6146.85418474],
       [  -6146.85418474],
       [  -6146.85418474]])]
result: 2 [array([ 1.        ,  0.        ,  0.66666667, 41.5       , 41.5       ,
       13.        , 13.        ,  0.1       ,  0.1       ]), array([ 9.86243856e-01, -2.22963369e-03,  8.30702089e-01,  6.75849922e+01,
        2.42233286e+01,  1.48264311e+01,  1.35676389e+01,  1.91526230e-01,
        1.59933695e-01]), array([2.20746409e-02, 4.16569429e-04, 3.48638197e-02, 4.67259606e+00,
       1.16511377e+00, 4.61206930e-01, 3.59354175e-01, 1.81441207e-02,
       1.31005169e-02]), 4.2319482270733486e-07, -5883.671623297953, array([[ 1.00000000e+00,  0.00000000e+00,  6.66666667e-01, ...,
         1.30000000e+01,  1.00000000e-01,  1.00000000e-01],
       [ 1.00000000e+00,  0.00000000e+00,  6.66666667e-01, ...,
         1.30000000e+01,  1.00000000e-01,  1.00000000e-01],
       [ 1.01203969e+00, -7.15514627e-04,  6.50758043e-01, ...,
         1.32784406e+01,  1.13766032e-01,  1.01888001e-01],
       ...,
       [ 9.82699064e-01, -1.28442966e-03,  9.09780812e-01, ...,
         1.44098010e+01,  1.79819307e-01,  1.68348188e-01],
       [ 9.82699064e-01, -1.28442966e-03,  9.09780812e-01, ...,
         1.44098010e+01,  1.79819307e-01,  1.68348188e-01],
       [ 9.82699064e-01, -1.28442966e-03,  9.09780812e-01, ...,
         1.44098010e+01,  1.79819307e-01,  1.68348188e-01]]), array([[      0.        ],
       [-339008.59185248],
       [-303098.70101252],
       [-297416.38816721],
       [-264943.14171524],
       [-237766.04387635],
       [ -10395.67247962],
       [ -10395.67247962],
       [ -10395.67247962],
       [ -10395.67247962],
       [ -10395.67247962],
       [ -10395.67247962],
       [ -10395.67247962],
       [ -10395.67247962],
       [ -10395.67247962],
       [ -10395.67247962],
       [ -10395.67247962],
       [ -10395.67247962],
       [ -10395.67247962],
       [ -10395.67247962],
       [ -10395.67247962],
       [ -10395.67247962],
       [ -10395.67247962],
       [ -10395.67247962],
       [ -10395.67247962],
       [ -10395.67247962],
       [ -10395.67247962],
       [  -5576.45890092],
       [  -5576.45890092],
       [  -5576.45890092],
       [  -5576.45890092],
       [  -5576.45890092],
       [  -5576.45890092],
       [  -5576.45890092],
       [  -5576.45890092],
       [  -5576.45890092],
       [  -5576.45890092],
       [  -5576.45890092],
       [  -5576.45890092],
       [  -5576.45890092],
       [  -5576.45890092],
       [  -5576.45890092],
       [  -5576.45890092],
       [  -5576.45890092],
       [  -5576.45890092],
       [  -5576.45890092],
       [  -5576.45890092],
       [  -5576.45890092],
       [  -5576.45890092],
       [  -5576.45890092],
       [  -5576.45890092],
       [  -5576.45890092],
       [  -5576.45890092],
       [  -5576.45890092],
       [  -5576.45890092],
       [  -5576.45890092],
       [  -5576.45890092],
       [  -5576.45890092],
       [  -5576.45890092],
       [  -5576.45890092],
       [  -5576.45890092],
       [  -5576.45890092],
       [  -5576.45890092],
       [  -5576.45890092],
       [  -5576.45890092],
       [  -5576.45890092],
       [  -5576.45890092],
       [  -5576.45890092],
       [  -5576.45890092],
       [  -5576.45890092],
       [  -5576.45890092],
       [  -5576.45890092],
       [  -5576.45890092],
       [  -5576.45890092],
       [  -5576.45890092],
       [  -5576.45890092],
       [  -5576.45890092],
       [  -5576.45890092],
       [  -5576.45890092],
       [  -5576.45890092],
       [  -5576.45890092],
       [  -5576.45890092],
       [  -5576.45890092],
       [  -5576.45890092],
       [  -5576.45890092],
       [  -5576.45890092],
       [  -5576.45890092],
       [  -5576.45890092],
       [  -5576.45890092],
       [  -5576.45890092],
       [  -5576.45890092],
       [  -5576.45890092],
       [  -5576.45890092],
       [  -5576.45890092],
       [  -5576.45890092],
       [  -5576.45890092],
       [  -5576.45890092],
       [  -5576.45890092],
       [  -5576.45890092],
       [  -5576.45890092],
       [  -5576.45890092],
       [  -5576.45890092],
       [  -5576.45890092],
       [  -5576.45890092],
       [  -5576.45890092],
       [  -5576.45890092],
       [  -5576.45890092],
       [  -5576.45890092],
       [  -5576.45890092],
       [  -5508.08324862],
       [  -5508.08324862],
       [  -5508.08324862],
       [  -5508.08324862],
       [  -5508.08324862],
       [  -5508.08324862],
       [  -5508.08324862],
       [  -5508.08324862],
       [  -5508.08324862],
       [  -5508.08324862],
       [  -5508.08324862],
       [  -5508.08324862],
       [  -5508.08324862],
       [  -5508.08324862],
       [  -5508.08324862],
       [  -5508.08324862],
       [  -5508.08324862],
       [  -5508.08324862],
       [  -5508.08324862],
       [  -5508.08324862],
       [  -5508.08324862],
       [  -5508.08324862],
       [  -5508.08324862],
       [  -5508.08324862],
       [  -5508.08324862],
       [  -5508.08324862],
       [  -5508.08324862],
       [  -5508.08324862],
       [  -5508.08324862],
       [  -5508.08324862],
       [  -5508.08324862],
       [  -5508.08324862],
       [  -5508.08324862],
       [  -5508.08324862],
       [  -5508.08324862],
       [  -5508.08324862],
       [  -5508.08324862],
       [  -5508.08324862],
       [  -5508.08324862],
       [  -5508.08324862],
       [  -5508.08324862],
       [  -5508.08324862],
       [  -5508.08324862],
       [  -5508.08324862],
       [  -5508.08324862],
       [  -5508.08324862],
       [  -5508.08324862],
       [  -5508.08324862],
       [  -5508.08324862],
       [  -5508.08324862],
       [  -5508.08324862],
       [  -5508.08324862],
       [  -5508.08324862],
       [  -5508.08324862],
       [  -5508.08324862],
       [  -5258.1454859 ],
       [  -5258.1454859 ],
       [  -5258.1454859 ],
       [  -5258.1454859 ],
       [  -5258.1454859 ],
       [  -5258.1454859 ],
       [  -5258.1454859 ],
       [  -5258.1454859 ],
       [  -5258.1454859 ],
       [  -5258.1454859 ],
       [  -5258.1454859 ],
       [  -5258.1454859 ],
       [  -5258.1454859 ],
       [  -5258.1454859 ],
       [  -5258.1454859 ],
       [  -5258.1454859 ],
       [  -5258.1454859 ],
       [  -5258.1454859 ],
       [  -5258.1454859 ],
       [  -4281.37740618],
       [  -4281.37740618],
       [  -4281.37740618],
       [  -4281.37740618],
       [  -4281.37740618],
       [  -4281.37740618],
       [  -4281.37740618],
       [  -4281.37740618],
       [  -4281.37740618],
       [  -4281.37740618],
       [  -4281.37740618],
       [  -4281.37740618],
       [  -4281.37740618],
       [  -4281.37740618],
       [  -4281.37740618],
       [  -4281.37740618],
       [  -4281.37740618],
       [  -4281.37740618],
       [  -4281.37740618],
       [  -4281.37740618],
       [  -4281.37740618],
       [  -4281.37740618],
       [  -4281.37740618],
       [  -4281.37740618],
       [  -4281.37740618],
       [  -4281.37740618],
       [  -4281.37740618],
       [  -4281.37740618],
       [  -4281.37740618],
       [  -4281.37740618],
       [  -4281.37740618],
       [  -4281.37740618],
       [  -4281.37740618],
       [  -4281.37740618],
       [  -4281.37740618],
       [  -4281.37740618],
       [  -4281.37740618],
       [  -4281.37740618],
       [  -4281.37740618],
       [  -4281.37740618],
       [  -4281.37740618],
       [  -4281.37740618],
       [  -4281.37740618],
       [  -4281.37740618],
       [  -4281.37740618],
       [  -4281.37740618],
       [  -4281.37740618],
       [  -4281.37740618],
       [  -4281.37740618],
       [  -4281.37740618],
       [  -4281.37740618],
       [  -4281.37740618],
       [  -4281.37740618],
       [  -4281.37740618],
       [  -4281.37740618],
       [  -4281.37740618],
       [  -4281.37740618],
       [  -4281.37740618],
       [  -4281.37740618],
       [  -4281.37740618],
       [  -4281.37740618],
       [  -4281.37740618],
       [  -4281.37740618],
       [  -4281.37740618],
       [  -4281.37740618],
       [  -4281.37740618],
       [  -4281.37740618],
       [  -4281.37740618],
       [  -4281.37740618],
       [  -4281.37740618],
       [  -4281.37740618],
       [  -4281.37740618],
       [  -4281.37740618],
       [  -4281.37740618],
       [  -4281.37740618],
       [  -4281.37740618],
       [  -4281.37740618],
       [  -4281.37740618],
       [  -4281.37740618],
       [  -4281.37740618],
       [  -4281.37740618],
       [  -4281.37740618],
       [  -4281.37740618],
       [  -4281.37740618],
       [  -4281.37740618],
       [  -4281.37740618],
       [  -4281.37740618],
       [  -4281.37740618],
       [  -4281.37740618],
       [  -4281.37740618],
       [  -4281.37740618],
       [  -4281.37740618],
       [  -4281.37740618],
       [  -4281.37740618],
       [  -4281.37740618],
       [  -4281.37740618],
       [  -4281.37740618],
       [  -4281.37740618],
       [  -4281.37740618],
       [  -4281.37740618],
       [  -4281.37740618],
       [  -4281.37740618],
       [  -4281.37740618],
       [  -4281.37740618],
       [  -4281.37740618],
       [  -4281.37740618],
       [  -4281.37740618],
       [  -4281.37740618],
       [  -4281.37740618],
       [  -4281.37740618],
       [  -4281.37740618],
       [  -4281.37740618],
       [  -4281.37740618],
       [  -4281.37740618],
       [  -4281.37740618],
       [  -4281.37740618],
       [  -4281.37740618],
       [  -4281.37740618],
       [  -4281.37740618],
       [  -4281.37740618],
       [  -4281.37740618],
       [  -4281.37740618],
       [  -4281.37740618],
       [  -4281.37740618],
       [  -4281.37740618],
       [  -4281.37740618],
       [  -4281.37740618],
       [  -4281.37740618],
       [  -4281.37740618],
       [  -4281.37740618],
       [  -4281.37740618],
       [  -4281.37740618],
       [  -4281.37740618],
       [  -4281.37740618],
       [  -4281.37740618],
       [  -4281.37740618],
       [  -4281.37740618],
       [  -4281.37740618],
       [  -4281.37740618],
       [  -4281.37740618],
       [  -4281.37740618],
       [  -4281.37740618],
       [  -4281.37740618],
       [  -4281.37740618],
       [  -4281.37740618],
       [  -4281.37740618],
       [  -4281.37740618],
       [  -4281.37740618],
       [  -4281.37740618],
       [  -4281.37740618],
       [  -4281.37740618],
       [  -4281.37740618],
       [  -4281.37740618],
       [  -4281.37740618],
       [  -4281.37740618],
       [  -4281.37740618],
       [  -4281.37740618],
       [  -4281.37740618],
       [  -4281.37740618],
       [  -4281.37740618],
       [  -4281.37740618],
       [  -4281.37740618],
       [  -4281.37740618],
       [  -4281.37740618],
       [  -4281.37740618],
       [  -4281.37740618],
       [  -4281.37740618],
       [  -4281.37740618],
       [  -4281.37740618],
       [  -4281.37740618],
       [  -4281.37740618],
       [  -4281.37740618],
       [  -4281.37740618],
       [  -4281.37740618],
       [  -4281.37740618],
       [  -4281.37740618],
       [  -4281.37740618],
       [  -4281.37740618],
       [  -4281.37740618],
       [  -4281.37740618],
       [  -4281.37740618],
       [  -4281.37740618],
       [  -4281.37740618],
       [  -4281.37740618],
       [  -4281.37740618],
       [  -4281.37740618],
       [  -4281.37740618],
       [  -4281.37740618],
       [  -4281.37740618],
       [  -4281.37740618],
       [  -4281.37740618],
       [  -4281.37740618],
       [  -4281.37740618],
       [  -4281.37740618],
       [  -4281.37740618],
       [  -4281.37740618],
       [  -4281.37740618],
       [  -4281.37740618],
       [  -4281.37740618],
       [  -4281.37740618],
       [  -4281.37740618],
       [  -4281.37740618],
       [  -4281.37740618],
       [  -4281.37740618],
       [  -4281.37740618],
       [  -4281.37740618],
       [  -4281.37740618],
       [  -4281.37740618],
       [  -4281.37740618],
       [  -4281.37740618],
       [  -4281.37740618],
       [  -4281.37740618],
       [  -4281.37740618],
       [  -4281.37740618],
       [  -4281.37740618],
       [  -4281.37740618],
       [  -4281.37740618],
       [  -4281.37740618],
       [  -4281.37740618],
       [  -4281.37740618],
       [  -4281.37740618],
       [  -4281.37740618],
       [  -4281.37740618],
       [  -4281.37740618],
       [  -4281.37740618],
       [  -4281.37740618],
       [  -4281.37740618],
       [  -4281.37740618],
       [  -4281.37740618],
       [  -4281.37740618],
       [  -4281.37740618],
       [  -4281.37740618],
       [  -4281.37740618],
       [  -4281.37740618],
       [  -4281.37740618],
       [  -4281.37740618],
       [  -4281.37740618],
       [  -4281.37740618],
       [  -4281.37740618],
       [  -4281.37740618],
       [  -4281.37740618],
       [  -4281.37740618],
       [  -4281.37740618],
       [  -4281.37740618],
       [  -4281.37740618],
       [  -4281.37740618],
       [  -4281.37740618],
       [  -4281.37740618],
       [  -4281.37740618],
       [  -4281.37740618],
       [  -4281.37740618],
       [  -4281.37740618],
       [  -4281.37740618],
       [  -4281.37740618],
       [  -4281.37740618],
       [  -4281.37740618],
       [  -4281.37740618],
       [  -4281.37740618],
       [  -4281.37740618],
       [  -4281.37740618],
       [  -4281.37740618],
       [  -4281.37740618],
       [  -4281.37740618],
       [  -4281.37740618],
       [  -4281.37740618],
       [  -4281.37740618],
       [  -4281.37740618],
       [  -4281.37740618],
       [  -4281.37740618],
       [  -4281.37740618],
       [  -4281.37740618],
       [  -4281.37740618],
       [  -4281.37740618],
       [  -4281.37740618],
       [  -4281.37740618],
       [  -4281.37740618],
       [  -4281.37740618],
       [  -4281.37740618],
       [  -4281.37740618],
       [  -4281.37740618],
       [  -4281.37740618],
       [  -4281.37740618],
       [  -4281.37740618],
       [  -4281.37740618],
       [  -4281.37740618],
       [  -4281.37740618],
       [  -4281.37740618],
       [  -4281.37740618],
       [  -4281.37740618],
       [  -4281.37740618],
       [  -4281.37740618],
       [  -4281.37740618],
       [  -4281.37740618],
       [  -4281.37740618],
       [  -4281.37740618],
       [  -4281.37740618],
       [  -4281.37740618],
       [  -4281.37740618],
       [  -4281.37740618],
       [  -4281.37740618],
       [  -4281.37740618],
       [  -4281.37740618],
       [  -4281.37740618],
       [  -4281.37740618],
       [  -4281.37740618],
       [  -4281.37740618],
       [  -4281.37740618],
       [  -4281.37740618],
       [  -4281.37740618],
       [  -4281.37740618],
       [  -4281.37740618],
       [  -4281.37740618],
       [  -4281.37740618],
       [  -4281.37740618],
       [  -4281.37740618],
       [  -4281.37740618],
       [  -4281.37740618],
       [  -4281.37740618],
       [  -4281.37740618],
       [  -4281.37740618],
       [  -4281.37740618],
       [  -4281.37740618],
       [  -4281.37740618],
       [  -4281.37740618],
       [  -4281.37740618],
       [  -4281.37740618],
       [  -4281.37740618],
       [  -4281.37740618],
       [  -4281.37740618],
       [  -4281.37740618],
       [  -4281.37740618],
       [  -4281.37740618],
       [  -4281.37740618],
       [  -4281.37740618],
       [  -4281.37740618],
       [  -4281.37740618],
       [  -4281.37740618],
       [  -4281.37740618],
       [  -4281.37740618],
       [  -4281.37740618],
       [  -4281.37740618],
       [  -4281.37740618],
       [  -4281.37740618],
       [  -4281.37740618],
       [  -4281.37740618],
       [  -4281.37740618],
       [  -4281.37740618],
       [  -4281.37740618],
       [  -4281.37740618],
       [  -4281.37740618],
       [  -4281.37740618],
       [  -4281.37740618],
       [  -4281.37740618],
       [  -4281.37740618],
       [  -4281.37740618],
       [  -4281.37740618],
       [  -4281.37740618],
       [  -4281.37740618],
       [  -4281.37740618],
       [  -4281.37740618],
       [  -4281.37740618],
       [  -4281.37740618],
       [  -4281.37740618],
       [  -4281.37740618],
       [  -4281.37740618],
       [  -4281.37740618],
       [  -4281.37740618],
       [  -4281.37740618],
       [  -4281.37740618],
       [  -4281.37740618],
       [  -4281.37740618],
       [  -4281.37740618],
       [  -4281.37740618],
       [  -4281.37740618],
       [  -4281.37740618],
       [  -4281.37740618],
       [  -4281.37740618],
       [  -4281.37740618],
       [  -4281.37740618],
       [  -4281.37740618],
       [  -4281.37740618],
       [  -4281.37740618],
       [  -4281.37740618],
       [  -4281.37740618],
       [  -4281.37740618],
       [  -4281.37740618],
       [  -4281.37740618],
       [  -4281.37740618],
       [  -4281.37740618],
       [  -4281.37740618],
       [  -4281.37740618],
       [  -4281.37740618],
       [  -4281.37740618],
       [  -4281.37740618],
       [  -4281.37740618],
       [  -4281.37740618],
       [  -4281.37740618],
       [  -4281.37740618],
       [  -4281.37740618],
       [  -4281.37740618],
       [  -4281.37740618],
       [  -4281.37740618],
       [  -4281.37740618],
       [  -4281.37740618],
       [  -4281.37740618],
       [  -4281.37740618],
       [  -4281.37740618],
       [  -4281.37740618],
       [  -4281.37740618],
       [  -4281.37740618],
       [  -4281.37740618],
       [  -4281.37740618],
       [  -4281.37740618],
       [  -4281.37740618],
       [  -4281.37740618],
       [  -4281.37740618],
       [  -4281.37740618],
       [  -4281.37740618],
       [  -4281.37740618],
       [  -4281.37740618],
       [  -4281.37740618],
       [  -4281.37740618],
       [  -4281.37740618],
       [  -4281.37740618],
       [  -4281.37740618],
       [  -4281.37740618],
       [  -4281.37740618],
       [  -4281.37740618],
       [  -4281.37740618],
       [  -4281.37740618],
       [  -4281.37740618],
       [  -4281.37740618],
       [  -4281.37740618],
       [  -4281.37740618],
       [  -4281.37740618],
       [  -4281.37740618],
       [  -4281.37740618],
       [  -4281.37740618],
       [  -4281.37740618],
       [  -4281.37740618],
       [  -4281.37740618],
       [  -4281.37740618],
       [  -4281.37740618],
       [  -4075.11506383],
       [  -4075.11506383],
       [  -4075.11506383],
       [  -4075.11506383],
       [  -4075.11506383],
       [  -4075.11506383],
       [  -4075.11506383],
       [  -4075.11506383],
       [  -4075.11506383],
       [  -4075.11506383],
       [  -4075.11506383],
       [  -4075.11506383],
       [  -4075.11506383],
       [  -4075.11506383],
       [  -4075.11506383],
       [  -4075.11506383],
       [  -4075.11506383],
       [  -4075.11506383],
       [  -4075.11506383],
       [  -4075.11506383],
       [  -4075.11506383],
       [  -4075.11506383],
       [  -4075.11506383],
       [  -4075.11506383],
       [  -4075.11506383],
       [  -4075.11506383],
       [  -4075.11506383],
       [  -4075.11506383],
       [  -4075.11506383],
       [  -4075.11506383],
       [  -4075.11506383],
       [  -4075.11506383],
       [  -4075.11506383],
       [  -4075.11506383],
       [  -4075.11506383],
       [  -4075.11506383],
       [  -4075.11506383],
       [  -4075.11506383],
       [  -4075.11506383],
       [  -4075.11506383],
       [  -4075.11506383],
       [  -4075.11506383],
       [  -4075.11506383],
       [  -4075.11506383],
       [  -4075.11506383],
       [  -4075.11506383],
       [  -4075.11506383],
       [  -4075.11506383],
       [  -4075.11506383],
       [  -4075.11506383],
       [  -4075.11506383],
       [  -4075.11506383],
       [  -4075.11506383],
       [  -4075.11506383],
       [  -4075.11506383],
       [  -4075.11506383],
       [  -4075.11506383],
       [  -4075.11506383],
       [  -4075.11506383],
       [  -4075.11506383],
       [  -4075.11506383],
       [  -4075.11506383],
       [  -4075.11506383],
       [  -4075.11506383],
       [  -4075.11506383],
       [  -4075.11506383],
       [  -4075.11506383],
       [  -4075.11506383],
       [  -4075.11506383],
       [  -4075.11506383],
       [  -4075.11506383],
       [  -4075.11506383],
       [  -4075.11506383],
       [  -4075.11506383],
       [  -4075.11506383],
       [  -4075.11506383],
       [  -4075.11506383],
       [  -4075.11506383],
       [  -4075.11506383],
       [  -4075.11506383],
       [  -4075.11506383],
       [  -4075.11506383],
       [  -4075.11506383],
       [  -4075.11506383],
       [  -4075.11506383],
       [  -4075.11506383],
       [  -4075.11506383],
       [  -4075.11506383],
       [  -4075.11506383],
       [  -4075.11506383],
       [  -4075.11506383],
       [  -4075.11506383],
       [  -4075.11506383],
       [  -4075.11506383],
       [  -4075.11506383],
       [  -4075.11506383],
       [  -4075.11506383],
       [  -4075.11506383],
       [  -4075.11506383],
       [  -4075.11506383],
       [  -4075.11506383],
       [  -4075.11506383],
       [  -4075.11506383],
       [  -4075.11506383],
       [  -4075.11506383],
       [  -4075.11506383],
       [  -4075.11506383],
       [  -4075.11506383],
       [  -4075.11506383],
       [  -4075.11506383],
       [  -4075.11506383],
       [  -4075.11506383],
       [  -4075.11506383],
       [  -4075.11506383],
       [  -4075.11506383],
       [  -4075.11506383],
       [  -4075.11506383],
       [  -4075.11506383],
       [  -4075.11506383],
       [  -4075.11506383],
       [  -4075.11506383],
       [  -4075.11506383],
       [  -4075.11506383],
       [  -4075.11506383],
       [  -4075.11506383],
       [  -4075.11506383],
       [  -4075.11506383],
       [  -4075.11506383],
       [  -4075.11506383],
       [  -4075.11506383],
       [  -4075.11506383],
       [  -4075.11506383],
       [  -4075.11506383],
       [  -4075.11506383],
       [  -4075.11506383],
       [  -4075.11506383],
       [  -4075.11506383],
       [  -4075.11506383],
       [  -4075.11506383],
       [  -4075.11506383],
       [  -4075.11506383],
       [  -4075.11506383],
       [  -4075.11506383],
       [  -4075.11506383],
       [  -4075.11506383],
       [  -4075.11506383],
       [  -4075.11506383],
       [  -4075.11506383],
       [  -4075.11506383],
       [  -4075.11506383],
       [  -4075.11506383],
       [  -4075.11506383],
       [  -4075.11506383],
       [  -4075.11506383],
       [  -4075.11506383],
       [  -4075.11506383],
       [  -4075.11506383],
       [  -4075.11506383],
       [  -4075.11506383],
       [  -4075.11506383],
       [  -4075.11506383],
       [  -4075.11506383],
       [  -4075.11506383],
       [  -4075.11506383],
       [  -4075.11506383],
       [  -4075.11506383],
       [  -4075.11506383],
       [  -4075.11506383],
       [  -4075.11506383],
       [  -4075.11506383],
       [  -4075.11506383],
       [  -4075.11506383],
       [  -4075.11506383],
       [  -4075.11506383],
       [  -4075.11506383],
       [  -4075.11506383],
       [  -4075.11506383],
       [  -4075.11506383],
       [  -4075.11506383],
       [  -4075.11506383],
       [  -4075.11506383],
       [  -4075.11506383],
       [  -4075.11506383],
       [  -4075.11506383],
       [  -4075.11506383],
       [  -4075.11506383],
       [  -4075.11506383],
       [  -4075.11506383],
       [  -4075.11506383],
       [  -4075.11506383],
       [  -4075.11506383],
       [  -4075.11506383],
       [  -4075.11506383],
       [  -4075.11506383],
       [  -4075.11506383],
       [  -4075.11506383],
       [  -4075.11506383],
       [  -4075.11506383],
       [  -4075.11506383],
       [  -4075.11506383],
       [  -4075.11506383],
       [  -4075.11506383],
       [  -4075.11506383],
       [  -4075.11506383],
       [  -4075.11506383],
       [  -4075.11506383],
       [  -4075.11506383],
       [  -4075.11506383],
       [  -4075.11506383],
       [  -4075.11506383],
       [  -4075.11506383],
       [  -4075.11506383],
       [  -4075.11506383],
       [  -4075.11506383],
       [  -4075.11506383],
       [  -4075.11506383],
       [  -4075.11506383],
       [  -4075.11506383],
       [  -4075.11506383],
       [  -4075.11506383],
       [  -4075.11506383],
       [  -4075.11506383],
       [  -4075.11506383],
       [  -4075.11506383],
       [  -4075.11506383],
       [  -4075.11506383],
       [  -4075.11506383],
       [  -4075.11506383],
       [  -4075.11506383],
       [  -4075.11506383],
       [  -4075.11506383],
       [  -4075.11506383],
       [  -4075.11506383],
       [  -4075.11506383],
       [  -4075.11506383],
       [  -4075.11506383],
       [  -4075.11506383],
       [  -4075.11506383],
       [  -4075.11506383],
       [  -4075.11506383],
       [  -4075.11506383],
       [  -4075.11506383],
       [  -4075.11506383],
       [  -4075.11506383],
       [  -4075.11506383],
       [  -4075.11506383],
       [  -4075.11506383],
       [  -4075.11506383],
       [  -4075.11506383],
       [  -4075.11506383],
       [  -4075.11506383],
       [  -4075.11506383],
       [  -4075.11506383],
       [  -4075.11506383],
       [  -4075.11506383],
       [  -4075.11506383],
       [  -4075.11506383],
       [  -4075.11506383],
       [  -4075.11506383],
       [  -4075.11506383],
       [  -4075.11506383],
       [  -4075.11506383],
       [  -4075.11506383],
       [  -4075.11506383],
       [  -4075.11506383],
       [  -4075.11506383],
       [  -4075.11506383],
       [  -4075.11506383],
       [  -4075.11506383],
       [  -4075.11506383],
       [  -4075.11506383],
       [  -4075.11506383],
       [  -4075.11506383],
       [  -4075.11506383],
       [  -4075.11506383],
       [  -4075.11506383],
       [  -4075.11506383],
       [  -4075.11506383],
       [  -4075.11506383],
       [  -4075.11506383],
       [  -4075.11506383],
       [  -4075.11506383],
       [  -4075.11506383],
       [  -4075.11506383],
       [  -4075.11506383],
       [  -4075.11506383],
       [  -4075.11506383],
       [  -4075.11506383],
       [  -4075.11506383],
       [  -4075.11506383],
       [  -4075.11506383],
       [  -4075.11506383],
       [  -4075.11506383],
       [  -4075.11506383],
       [  -4075.11506383],
       [  -4075.11506383],
       [  -4075.11506383],
       [  -4075.11506383],
       [  -4075.11506383],
       [  -4075.11506383],
       [  -4075.11506383],
       [  -4075.11506383],
       [  -4075.11506383],
       [  -4075.11506383],
       [  -4075.11506383],
       [  -4075.11506383],
       [  -4075.11506383],
       [  -4075.11506383],
       [  -4075.11506383],
       [  -4075.11506383],
       [  -4075.11506383],
       [  -4075.11506383],
       [  -4075.11506383],
       [  -4075.11506383],
       [  -4075.11506383],
       [  -4075.11506383],
       [  -4075.11506383],
       [  -4075.11506383],
       [  -4075.11506383],
       [  -4075.11506383],
       [  -4075.11506383],
       [  -4075.11506383],
       [  -4075.11506383],
       [  -4075.11506383],
       [  -4075.11506383],
       [  -4075.11506383],
       [  -4075.11506383],
       [  -4075.11506383],
       [  -4075.11506383],
       [  -4075.11506383],
       [  -4075.11506383],
       [  -4075.11506383],
       [  -4075.11506383],
       [  -4075.11506383],
       [  -4075.11506383],
       [  -4075.11506383],
       [  -4075.11506383],
       [  -4075.11506383],
       [  -4075.11506383],
       [  -4075.11506383],
       [  -4075.11506383],
       [  -4075.11506383],
       [  -3128.48407956],
       [  -3128.48407956],
       [  -3128.48407956],
       [  -3128.48407956],
       [  -3128.48407956],
       [  -3128.48407956],
       [  -3128.48407956],
       [  -3128.48407956],
       [  -3128.48407956],
       [  -3128.48407956],
       [  -3128.48407956],
       [  -3128.48407956],
       [  -3128.48407956],
       [  -3128.48407956],
       [  -3128.48407956],
       [  -3128.48407956],
       [  -3128.48407956],
       [  -3128.48407956],
       [  -3128.48407956],
       [  -3128.48407956],
       [  -3128.48407956],
       [  -3128.48407956],
       [  -3128.48407956],
       [  -3128.48407956],
       [  -3128.48407956],
       [  -3128.48407956],
       [  -3128.48407956],
       [  -3128.48407956],
       [  -3128.48407956],
       [  -3128.48407956],
       [  -3128.48407956],
       [  -3128.48407956]])]
