[[[3.00000000e+02 3.00000000e-01 3.12827993e+00]
  [4.00000000e+02 3.00000000e-01 2.93007515e+00]
  [5.00000000e+02 3.00000000e-01 2.72748566e+00]
  [6.00000000e+02 3.00000000e-01 2.63595241e+00]
  [7.00000000e+02 3.00000000e-01 2.59326612e+00]
  [3.00000000e+02 4.00000000e-01 3.11895132e+00]
  [4.00000000e+02 4.00000000e-01 2.91509330e+00]
  [5.00000000e+02 4.00000000e-01 2.71614601e+00]
  [6.00000000e+02 4.00000000e-01 2.61544223e+00]
  [7.00000000e+02 4.00000000e-01 2.57702074e+00]
  [3.00000000e+02 5.00000000e-01 3.11076496e+00]
  [4.00000000e+02 5.00000000e-01 2.70891798e+00]
  [5.00000000e+02 5.00000000e-01 2.72400496e+00]
  [6.00000000e+02 5.00000000e-01 2.59633836e+00]
  [7.00000000e+02 5.00000000e-01 2.52776563e+00]
  [3.00000000e+02 6.00000000e-01 3.10336823e+00]
  [4.00000000e+02 6.00000000e-01 2.69731160e+00]
  [5.00000000e+02 6.00000000e-01 2.65885345e+00]
  [6.00000000e+02 6.00000000e-01 2.58418834e+00]
  [7.00000000e+02 6.00000000e-01 2.51713371e+00]
  [3.00000000e+02 7.00000000e-01 3.09655744e+00]
  [4.00000000e+02 7.00000000e-01 2.69044034e+00]
  [5.00000000e+02 7.00000000e-01 2.57498019e+00]
  [6.00000000e+02 7.00000000e-01 2.52605850e+00]
  [7.00000000e+02 7.00000000e-01 2.50662449e+00]]]