[[[4.e+02 4.e-01 0.e+00]
  [5.e+02 4.e-01 0.e+00]
  [6.e+02 4.e-01 0.e+00]
  [4.e+02 5.e-01 0.e+00]
  [5.e+02 5.e-01 0.e+00]
  [6.e+02 5.e-01 0.e+00]
  [4.e+02 6.e-01 0.e+00]
  [5.e+02 6.e-01 0.e+00]
  [6.e+02 6.e-01 0.e+00]]

 [[4.e+02 4.e-01 0.e+00]
  [5.e+02 4.e-01 0.e+00]
  [6.e+02 4.e-01 0.e+00]
  [4.e+02 5.e-01 0.e+00]
  [5.e+02 5.e-01 0.e+00]
  [6.e+02 5.e-01 0.e+00]
  [4.e+02 6.e-01 0.e+00]
  [5.e+02 6.e-01 0.e+00]
  [6.e+02 6.e-01 0.e+00]]

 [[4.e+02 4.e-01 0.e+00]
  [5.e+02 4.e-01 0.e+00]
  [6.e+02 4.e-01 0.e+00]
  [4.e+02 5.e-01 0.e+00]
  [5.e+02 5.e-01 0.e+00]
  [6.e+02 5.e-01 0.e+00]
  [4.e+02 6.e-01 0.e+00]
  [5.e+02 6.e-01 0.e+00]
  [6.e+02 6.e-01 0.e+00]]

 [[4.e+02 4.e-01 0.e+00]
  [5.e+02 4.e-01 0.e+00]
  [6.e+02 4.e-01 0.e+00]
  [4.e+02 5.e-01 0.e+00]
  [5.e+02 5.e-01 0.e+00]
  [6.e+02 5.e-01 0.e+00]
  [4.e+02 6.e-01 0.e+00]
  [5.e+02 6.e-01 0.e+00]
  [6.e+02 6.e-01 0.e+00]]

 [[4.e+02 4.e-01 0.e+00]
  [5.e+02 4.e-01 0.e+00]
  [6.e+02 4.e-01 0.e+00]
  [4.e+02 5.e-01 0.e+00]
  [5.e+02 5.e-01 0.e+00]
  [6.e+02 5.e-01 0.e+00]
  [4.e+02 6.e-01 0.e+00]
  [5.e+02 6.e-01 0.e+00]
  [6.e+02 6.e-01 0.e+00]]

 [[4.e+02 4.e-01 0.e+00]
  [5.e+02 4.e-01 0.e+00]
  [6.e+02 4.e-01 0.e+00]
  [4.e+02 5.e-01 0.e+00]
  [5.e+02 5.e-01 0.e+00]
  [6.e+02 5.e-01 0.e+00]
  [4.e+02 6.e-01 0.e+00]
  [5.e+02 6.e-01 0.e+00]
  [6.e+02 6.e-01 0.e+00]]

 [[4.e+02 4.e-01 0.e+00]
  [5.e+02 4.e-01 0.e+00]
  [6.e+02 4.e-01 0.e+00]
  [4.e+02 5.e-01 0.e+00]
  [5.e+02 5.e-01 0.e+00]
  [6.e+02 5.e-01 0.e+00]
  [4.e+02 6.e-01 0.e+00]
  [5.e+02 6.e-01 0.e+00]
  [6.e+02 6.e-01 0.e+00]]

 [[4.e+02 4.e-01 0.e+00]
  [5.e+02 4.e-01 0.e+00]
  [6.e+02 4.e-01 0.e+00]
  [4.e+02 5.e-01 0.e+00]
  [5.e+02 5.e-01 0.e+00]
  [6.e+02 5.e-01 0.e+00]
  [4.e+02 6.e-01 0.e+00]
  [5.e+02 6.e-01 0.e+00]
  [6.e+02 6.e-01 0.e+00]]

 [[4.e+02 4.e-01 0.e+00]
  [5.e+02 4.e-01 0.e+00]
  [6.e+02 4.e-01 0.e+00]
  [4.e+02 5.e-01 0.e+00]
  [5.e+02 5.e-01 0.e+00]
  [6.e+02 5.e-01 0.e+00]
  [4.e+02 6.e-01 0.e+00]
  [5.e+02 6.e-01 0.e+00]
  [6.e+02 6.e-01 0.e+00]]]