[[[5.00000000e+02 5.00000000e-01 2.35944889e+00]
  [4.00000000e+02 5.00000000e-01 2.09223206e+00]
  [6.00000000e+02 5.00000000e-01 2.24491078e+00]
  [3.00000000e+02 5.00000000e-01 2.21825574e+00]
  [7.00000000e+02 5.00000000e-01 1.99374695e+00]
  [5.00000000e+02 4.00000000e-01 2.35897116e+00]
  [5.00000000e+02 6.00000000e-01 2.35992461e+00]
  [5.00000000e+02 3.00000000e-01 2.35849140e+00]
  [5.00000000e+02 7.00000000e-01 2.36039832e+00]
  [4.00000000e+02 4.00000000e-01 2.09183599e+00]
  [4.00000000e+02 6.00000000e-01 2.09262740e+00]
  [4.00000000e+02 3.00000000e-01 2.09143919e+00]
  [4.00000000e+02 7.00000000e-01 2.09302200e+00]
  [6.00000000e+02 4.00000000e-01 2.24416656e+00]
  [6.00000000e+02 6.00000000e-01 2.24564934e+00]
  [6.00000000e+02 3.00000000e-01 2.12362637e+00]
  [6.00000000e+02 7.00000000e-01 2.24638227e+00]
  [3.00000000e+02 4.00000000e-01 2.21823366e+00]
  [3.00000000e+02 6.00000000e-01 2.21827783e+00]
  [3.00000000e+02 3.00000000e-01 2.21821156e+00]
  [3.00000000e+02 7.00000000e-01 2.21829990e+00]
  [7.00000000e+02 4.00000000e-01 1.99303169e+00]
  [7.00000000e+02 6.00000000e-01 1.99445247e+00]
  [7.00000000e+02 3.00000000e-01 1.99230654e+00]
  [7.00000000e+02 7.00000000e-01 1.91894177e+00]]]