[[[3.00000000e+02 3.00000000e-01 2.21821152e+00]
  [4.00000000e+02 3.00000000e-01 2.09143918e+00]
  [5.00000000e+02 3.00000000e-01 2.35849141e+00]
  [6.00000000e+02 3.00000000e-01 2.12362631e+00]
  [7.00000000e+02 3.00000000e-01 1.99230654e+00]
  [3.00000000e+02 4.00000000e-01 2.21823361e+00]
  [4.00000000e+02 4.00000000e-01 2.09183598e+00]
  [5.00000000e+02 4.00000000e-01 2.35897117e+00]
  [6.00000000e+02 4.00000000e-01 2.24416652e+00]
  [7.00000000e+02 4.00000000e-01 1.99303169e+00]
  [3.00000000e+02 5.00000000e-01 2.21825570e+00]
  [4.00000000e+02 5.00000000e-01 2.09223205e+00]
  [5.00000000e+02 5.00000000e-01 2.35944890e+00]
  [6.00000000e+02 5.00000000e-01 2.24491074e+00]
  [7.00000000e+02 5.00000000e-01 1.99374695e+00]
  [3.00000000e+02 6.00000000e-01 2.21827778e+00]
  [4.00000000e+02 6.00000000e-01 2.09262738e+00]
  [5.00000000e+02 6.00000000e-01 2.35992462e+00]
  [6.00000000e+02 6.00000000e-01 2.24564929e+00]
  [7.00000000e+02 6.00000000e-01 1.99445247e+00]
  [3.00000000e+02 7.00000000e-01 2.21829986e+00]
  [4.00000000e+02 7.00000000e-01 2.09302199e+00]
  [5.00000000e+02 7.00000000e-01 2.36039832e+00]
  [6.00000000e+02 7.00000000e-01 2.24638223e+00]
  [7.00000000e+02 7.00000000e-01 1.91894171e+00]]]