[[[3.00000000e+02 3.00000000e-01 3.09527443e+00]
  [4.00000000e+02 3.00000000e-01 2.89666711e+00]
  [5.00000000e+02 3.00000000e-01 2.69301473e+00]
  [6.00000000e+02 3.00000000e-01 2.61654212e+00]
  [7.00000000e+02 3.00000000e-01 2.58318337e+00]
  [3.00000000e+02 4.00000000e-01 3.08751414e+00]
  [4.00000000e+02 4.00000000e-01 2.88448406e+00]
  [5.00000000e+02 4.00000000e-01 2.68399716e+00]
  [6.00000000e+02 4.00000000e-01 2.59856532e+00]
  [7.00000000e+02 4.00000000e-01 2.57048026e+00]
  [3.00000000e+02 5.00000000e-01 3.08068187e+00]
  [4.00000000e+02 5.00000000e-01 2.68441402e+00]
  [5.00000000e+02 5.00000000e-01 2.69522050e+00]
  [6.00000000e+02 5.00000000e-01 2.58176236e+00]
  [7.00000000e+02 5.00000000e-01 2.51659571e+00]
  [3.00000000e+02 6.00000000e-01 3.07449224e+00]
  [4.00000000e+02 6.00000000e-01 2.67455075e+00]
  [5.00000000e+02 6.00000000e-01 2.62569801e+00]
  [6.00000000e+02 6.00000000e-01 2.57555140e+00]
  [7.00000000e+02 6.00000000e-01 2.50863529e+00]
  [3.00000000e+02 7.00000000e-01 3.06878014e+00]
  [4.00000000e+02 7.00000000e-01 2.66877029e+00]
  [5.00000000e+02 7.00000000e-01 2.55364590e+00]
  [6.00000000e+02 7.00000000e-01 2.51268298e+00]
  [7.00000000e+02 7.00000000e-01 2.50073581e+00]]]